0.60387	0.10666	0.47913
0.56636	0.1738	0.32404
0.57752	0.28082	0.23633
0.58075	0.31893	0.2147
0.59077	0.32659	0.22001
0.61427	0.10014	0.43448
0.61509	0.12415	0.50866
0.61289	0.14109	0.47246
0.60228	0.17759	0.42568
0.62993	0.22717	0.42038
0.5934	0.1159	0.41977
0.61388	0.13865	0.43589
0.61134	0.21381	0.44971
0.62599	0.23322	0.54162
0.64883	0.37724	0.42501
0.58066	0.10474	0.40454
0.55434	0.16791	0.29014
0.58461	0.19952	0.2703
0.58442	0.30935	0.25836
0.61851	0.25295	0.2743
0.61438	0.0893	0.53652
0.61308	0.1393	0.49113
0.64253	0.34589	0.5362
0.65523	0.34957	0.53756
0.66472	0.35883	0.54403
0.61409	0.0953	0.50756
0.60903	0.23755	0.46533
0.6321	0.38229	0.5076
0.64054	0.21592	0.59435
0.68426	0.37027	0.56499
0.61406	0.11215	0.41311
0.59935	0.14198	0.33219
0.60965	0.17367	0.33765
0.61038	0.13581	0.34992
0.61529	0.22244	0.34718
0.61353	0.10499	0.6824
0.62544	0.26051	0.51638
0.62106	0.21052	0.74952
0.63327	0.29199	0.69296
0.63502	0.28723	0.68809
0.61562	0.10135	0.71245
0.6415	0.29082	0.62214
0.6424	0.34303	0.54136
0.65261	0.3341	0.54339
0.65826	0.35035	0.5799
0.57973	0.10831	0.36842
0.60065	0.12485	0.38181
0.60778	0.12914	0.41325
0.60011	0.15442	0.38098
0.62016	0.22478	0.38721
0.61581	0.10338	0.60105
0.64155	0.2901	0.61552
0.63972	0.25438	0.80093
0.67899	0.57644	0.55026
0.68193	0.34431	0.5473
0.6131	0.09579	0.42565
0.61391	0.12023	0.45809
0.61545	0.11316	0.61246
0.61235	0.11264	0.45282
0.65566	0.24823	0.46898
0.5909	0.11187	0.40182
0.58034	0.18346	0.29575
0.57392	0.25342	0.23518
0.56191	0.31364	0.20069
0.62478	0.37742	0.2131
0.5981	0.10753	0.49498
0.60475	0.11009	0.41827
0.63263	0.25021	0.44754
0.62164	0.35347	0.41335
0.71025	0.58446	0.43069
0.60212	0.10414	0.67245
0.60219	0.13977	0.48584
0.63475	0.30732	0.52071
0.65654	0.29379	0.79982
0.64397	0.2735	0.72085
0.5999	0.10728	0.38738
0.59353	0.14729	0.30381
0.55595	0.25914	0.26285
0.57604	0.29157	0.27102
0.59949	0.29111	0.24492
0.61456	0.09546	0.71081
0.59814	0.11745	0.5065
0.66237	0.37291	0.54192
0.68094	0.50397	0.48715
0.70569	0.49135	0.47769
0.61402	0.10781	0.61865
0.61072	0.14051	0.7829
0.64191	0.33075	0.53957
0.66652	0.37804	0.6107
0.6857	0.35037	0.54844
0.59742	0.10544	0.39043
0.59127	0.14141	0.40371
0.58627	0.18062	0.30634
0.59838	0.2237	0.3587
0.58489	0.2776	0.30002
0.60628	0.10785	0.73951
0.63058	0.26282	0.73706
0.61035	0.16315	0.62202
0.62764	0.2945	0.49994
0.66988	0.55957	0.55493
0.6144	0.08955	0.73529
0.62399	0.24605	0.59524
0.62278	0.18346	0.75196
0.64726	0.48197	0.61871
0.67385	0.40716	0.60538
0.61221	0.09499	0.51997
0.59477	0.14538	0.39812
0.6404	0.21833	0.4693
0.61417	0.12954	0.5203
0.68621	0.39617	0.52736
0.61524	0.1001	0.71176
0.6161	0.23971	0.61066
0.65267	0.38144	0.58439
0.66518	0.55634	0.5922
0.71113	0.76799	0
0.60446	0.10963	0.62556
0.60711	0.10895	0.47499
0.6084	0.14735	0.41982
0.62129	0.31236	0.48108
0.61092	0.24068	0.39326
0.58532	0.10979	0.40899
0.56334	0.17215	0.33044
0.54248	0.23709	0.28101
0.57758	0.32306	0.2354
0.59011	0.39988	0.1819
0.61439	0.10045	0.54604
0.57803	0.20596	0.43971
0.63991	0.2345	0.47246
0.68369	0.50041	0.49106
0.67406	0.38567	0.59114
0.61177	0.10563	0.63838
0.61474	0.09233	0.67221
0.66052	0.37899	0.58048
0.67181	0.39625	0.56533
0.69834	0.47401	0.85924
0.59394	0.11065	0.37733
0.57075	0.13963	0.33736
0.59982	0.18634	0.2815
0.59912	0.17954	0.33505
0.60649	0.2504	0.33081
0.61403	0.0906	0.6814
0.64146	0.2835	0.62413
0.66132	0.37544	0.59301
0.64136	0.35719	0.64387
0.69145	0.39754	0.5333
0.61468	0.11691	0.60809
0.61608	0.13322	0.64894
0.64363	0.38342	0.56229
0.62585	0.29335	0.68619
0.60836	0.2902	0.54285
0.59731	0.10736	0.40278
0.59629	0.13369	0.5018
0.59689	0.17848	0.36985
0.59973	0.24004	0.34159
0.59931	0.1853	0.32294
0.6124	0.10125	0.67646
0.62197	0.2242	0.62857
0.64217	0.27578	0.79203
0.65077	0.48617	0.56405
0.63794	0.47513	0.49706
0.61418	0.09432	0.59029
0.63048	0.22046	0.77421
0.65387	0.37198	0.58099
0.65956	0.36995	0.66427
0.68987	0.6112	0.58373
0.61403	0.10873	0.49501
0.60561	0.12131	0.56061
0.61826	0.1482	0.56978
0.61834	0.16881	0.59765
0.614	0.28387	0.46962
0.61188	0.10825	0.77684
0.61481	0.13414	0.7749
0.65345	0.36148	0.57459
0.65255	0.48624	0.61534
0.66491	0.62874	0.48325
0.61339	0.10267	0.57841
0.61207	0.1284	0.43523
0.60427	0.18969	0.49074
0.61932	0.31352	0.49942
0.60584	0.2502	0.41782
0.5785	0.10585	0.40414
0.55195	0.1621	0.33635
0.57684	0.24958	0.29163
0.58301	0.33753	0.20113
0.61917	0.32631	0.22462
0.61194	0.11069	0.36641
0.61622	0.16194	0.32803
0.61185	0.13391	0.34694
0.60704	0.14299	0.32916
0.63249	0.23595	0.41015
0.61431	0.10515	0.43011
0.6135	0.12506	0.40972
0.63113	0.21756	0.38728
0.59901	0.14627	0.40917
0.62894	0.18991	0.50222
0.59464	0.10913	0.396
0.58576	0.15639	0.29835
0.58552	0.2446	0.27735
0.60983	0.2874	0.22057
0.59423	0.31208	0.21332
0.61437	0.11186	0.42685
0.60697	0.14208	0.38415
0.63074	0.17146	0.47397
0.6378	0.2705	0.45444
0.65523	0.30016	0.49897
0.61319	0.10281	0.49731
0.62801	0.23539	0.50448
0.63564	0.21793	0.49861
0.61673	0.21468	0.56233
0.66942	0.36754	0.53833
0.58559	0.10844	0.36371
0.59646	0.14942	0.29449
0.59149	0.20419	0.27528
0.60801	0.29632	0.25055
0.6086	0.20868	0.31907
0.61392	0.10217	0.52419
0.61706	0.1435	0.56568
0.61172	0.2938	0.49881
0.65532	0.37831	0.58366
0.66958	0.40141	0.56108
0.6146	0.09576	0.51333
0.61868	0.13985	0.51345
0.65534	0.37367	0.58608
0.69333	0.51203	0.45082
0.66454	0.34322	0.53989
0.61402	0.10452	0.36048
0.61653	0.13945	0.30451
0.60113	0.18988	0.30002
0.6156	0.20821	0.32432
0.61228	0.14027	0.36398
0.61515	0.09209	0.53108
0.62254	0.21397	0.46163
0.66056	0.40435	0.53189
0.66953	0.35966	0.58153
0.67983	0.31516	0.57257
0.60882	0.10624	0.40591
0.58603	0.14432	0.32388
0.60769	0.1207	0.35556
0.62048	0.21008	0.34895
0.59726	0.21307	0.32863
0.58766	0.11006	0.37674
0.60075	0.14141	0.31823
0.58665	0.19698	0.27291
0.61142	0.21811	0.24387
0.6156	0.23325	0.2795
0.61009	0.10354	0.4281
0.61176	0.13015	0.44727
0.61802	0.1463	0.50518
0.61643	0.11287	0.46581
0.67111	0.38053	0.50498
0.61433	0.09143	0.5058
0.61573	0.1214	0.46341
0.62265	0.2046	0.53471
0.624	0.16583	0.54324
0.6679	0.4141	0.43147
0.5794	0.10738	0.38428
0.58587	0.15233	0.34296
0.5782	0.22262	0.2969
0.61453	0.19914	0.30667
0.6024	0.27279	0.28602
0.61449	0.09579	0.48445
0.61578	0.13275	0.55029
0.65507	0.40924	0.57072
0.66714	0.37536	0.57038
0.6901	0.43506	0.55937
0.61448	0.10563	0.61263
0.61295	0.12079	0.77567
0.65629	0.37811	0.5837
0.66749	0.3458	0.57109
0.66626	0.34164	0.52844
0.60974	0.10966	0.3781
0.58991	0.15248	0.36928
0.58506	0.20333	0.29402
0.61404	0.17131	0.32572
0.60145	0.196	0.3419
0.61318	0.10204	0.69787
0.62795	0.25968	0.60667
0.64451	0.32363	0.55039
0.64944	0.34279	0.5783
0.65855	0.30831	0.56165
0.61238	0.10762	0.77875
0.6339	0.26592	0.56405
0.64018	0.33573	0.6378
0.67224	0.41715	0.49147
0.67383	0.48756	0.53593
0.6113	0.10994	0.38346
0.60993	0.14157	0.3548
0.61427	0.10446	0.41075
0.61152	0.13136	0.40787
0.65967	0.33928	0.51288
0.61566	0.11375	0.60079
0.64156	0.29094	0.61908
0.64162	0.34308	0.60906
0.67753	0.56868	0.63321
0.68706	0.65416	0.49909
0.59795	0.1075	0.39799
0.59848	0.14162	0.40006
0.60366	0.13766	0.47296
0.58626	0.13713	0.39269
0.62485	0.20555	0.46619
0.58896	0.10932	0.40563
0.59861	0.17931	0.30662
0.58987	0.20436	0.3034
0.59843	0.21751	0.29787
0.60978	0.28068	0.30256
0.61346	0.09651	0.71528
0.61254	0.11397	0.46176
0.61084	0.22579	0.46421
0.61263	0.26593	0.46469
0.63308	0.36797	0.41007
0.60867	0.10376	0.60043
0.62082	0.1883	0.61891
0.62958	0.23632	0.65264
0.68223	0.50544	0.4874
0.65776	0.36031	0.5478
0.57884	0.10327	0.40045
0.56615	0.14667	0.33955
0.57664	0.21881	0.29346
0.59029	0.2683	0.28939
0.60715	0.21793	0.32983
0.61496	0.10197	0.67939
0.63076	0.2395	0.48408
0.6598	0.38562	0.54777
0.62166	0.31087	0.52541
0.67947	0.46095	0.5202
0.60414	0.10654	0.76707
0.62193	0.1948	0.61132
0.62548	0.20284	0.67273
0.65839	0.33519	0.70374
0.69113	0.5432	0.59979
0.61257	0.11048	0.4064
0.59303	0.12511	0.40575
0.60486	0.12894	0.37608
0.5857	0.19942	0.31958
0.61354	0.22272	0.43805
0.60951	0.11417	0.56917
0.61094	0.17447	0.61995
0.63209	0.29796	0.57569
0.6637	0.35968	0.60897
0.67867	0.34042	0.6036
0.61458	0.08354	0.57706
0.61852	0.24287	0.70432
0.63626	0.3064	0.55251
0.64057	0.45239	0.60429
0.70053	0.59883	0.57679
0.60981	0.10056	0.54445
0.61535	0.13857	0.48424
0.61398	0.1351	0.51665
0.62937	0.22018	0.53963
0.6346	0.29252	0.42614
0.61465	0.08934	0.7412
0.61647	0.23719	0.6127
0.63849	0.28331	0.73867
0.65292	0.50619	0.63092
0.68329	0.68721	0.46484
0.60822	0.10356	0.46796
0.60635	0.14269	0.577
0.61213	0.11827	0.47293
0.62856	0.18807	0.58259
0.64702	0.319	0.60579
0.59112	0.11029	0.48191
0.58567	0.14237	0.34348
0.5745	0.20209	0.29003
0.56617	0.23998	0.26477
0.59256	0.24804	0.29145
0.6029	0.111	0.58446
0.62111	0.2232	0.44859
0.62008	0.13309	0.64667
0.63711	0.15299	0.50037
0.71055	0.54281	0.45783
0.6055	0.10136	0.60745
0.61542	0.09235	0.60168
0.61596	0.18121	0.67924
0.5925	0.28364	0.44023
0.65556	0.29974	0.57475
0.60414	0.10559	0.40751
0.57091	0.13298	0.37307
0.57746	0.17713	0.38426
0.59752	0.17155	0.37223
0.5939	0.20782	0.3
0.61352	0.09535	0.60821
0.61533	0.14868	0.74269
0.62962	0.31544	0.6691
0.64916	0.27147	0.79483
0.6279	0.28292	0.70452
0.61058	0.11181	0.65984
0.60709	0.11732	0.78496
0.62369	0.30917	0.69336
0.63944	0.50977	0.58114
0.7079	0.78103	0
0.59846	0.10777	0.43974
0.58868	0.11972	0.53838
0.60679	0.12602	0.39613
0.60181	0.15001	0.41003
0.61243	0.29993	0.37571
0.61474	0.12111	0.61197
0.61603	0.1332	0.63811
0.65216	0.38631	0.58746
0.67975	0.75758	0
0.71003	0.76876	0
0.6151	0.10324	0.69399
0.6416	0.29505	0.61354
0.61603	0.19621	0.76052
0.63812	0.30276	0.593
0.6682	0.51326	0.50519
0.60073	0.1075	0.48918
0.59756	0.11837	0.45723
0.61544	0.13129	0.51169
0.61428	0.29395	0.48183
0.64238	0.3071	0.65297
0.61351	0.102	0.70569
0.61767	0.12076	0.72062
0.62322	0.18554	0.65166
0.69539	0.73419	0
0.69819	0.74668	0.36941
0.61359	0.0995	0.51493
0.61809	0.11026	0.51812
0.60134	0.14434	0.50229
0.64697	0.25399	0.49926
0.65967	0.28617	0.72648
0.59827	0.10793	0.38708
0.5933	0.1635	0.31465
0.58404	0.21116	0.26981
0.60787	0.25471	0.27118
0.60504	0.30238	0.2274
0.60962	0.11245	0.36778
0.6146	0.14483	0.36327
0.61442	0.12406	0.36327
0.61414	0.13029	0.36584
0.63636	0.25695	0.41155
0.61425	0.10907	0.41566
0.61418	0.14467	0.39497
0.62649	0.19721	0.39485
0.61658	0.14382	0.5112
0.63948	0.29939	0.47687
0.57977	0.10979	0.38769
0.58051	0.14032	0.31448
0.60017	0.20253	0.29084
0.59533	0.27123	0.25325
0.60609	0.25013	0.26776
0.61444	0.09141	0.43543
0.61662	0.12239	0.48636
0.61276	0.16202	0.43245
0.62209	0.14389	0.59619
0.62719	0.17946	0.55717
0.61429	0.09674	0.52023
0.62824	0.24009	0.4954
0.63435	0.19861	0.506
0.63976	0.26326	0.58813
0.68812	0.38093	0.56108
0.59945	0.10388	0.41032
0.6019	0.14601	0.32212
0.59115	0.19255	0.30069
0.60879	0.20187	0.2867
0.60892	0.17733	0.32054
0.61497	0.09858	0.52186
0.61839	0.14257	0.51015
0.61708	0.2422	0.5648
0.63608	0.38277	0.50181
0.64221	0.2676	0.66976
0.61502	0.0879	0.50277
0.62906	0.23982	0.44515
0.65676	0.36486	0.56564
0.68891	0.53695	0.46156
0.70675	0.47722	0.48876
0.6048	0.11183	0.38871
0.60714	0.13397	0.33769
0.61387	0.13102	0.3362
0.60581	0.14833	0.32175
0.60028	0.16605	0.31615
0.6153	0.10224	0.54323
0.62208	0.12141	0.56475
0.64241	0.35085	0.54423
0.62802	0.24116	0.78027
0.67635	0.35179	0.66204
0.61414	0.11288	0.38958
0.61303	0.13514	0.3909
0.61272	0.13799	0.38805
0.61498	0.12863	0.33522
0.63136	0.18799	0.42477
0.59528	0.10608	0.3964
0.59686	0.13942	0.34915
0.58529	0.24302	0.26402
0.59436	0.23624	0.27176
0.60675	0.25377	0.29633
0.61167	0.10322	0.42419
0.61118	0.12269	0.50146
0.60399	0.1243	0.4511
0.60995	0.20899	0.45657
0.63726	0.32444	0.45893
0.61242	0.10248	0.48144
0.60542	0.14924	0.42022
0.61827	0.11907	0.52653
0.64528	0.32327	0.53938
0.67042	0.37162	0.55479
0.58461	0.1051	0.37988
0.60031	0.13244	0.35576
0.59443	0.19352	0.29773
0.59282	0.23484	0.28896
0.60005	0.2021	0.32099
0.6142	0.1071	0.57519
0.61795	0.12718	0.57975
0.63517	0.34013	0.56348
0.67214	0.44871	0.49365
0.66512	0.43748	0.43805
0.61241	0.10966	0.60014
0.61517	0.12501	0.55848
0.61738	0.16019	0.67462
0.63756	0.27867	0.65224
0.65114	0.33131	0.5115
0.60817	0.10935	0.38402
0.60038	0.14456	0.3648
0.61195	0.12466	0.38517
0.60939	0.1566	0.42669
0.61009	0.17163	0.36746
0.61493	0.09897	0.54994
0.63177	0.23532	0.75311
0.63136	0.26099	0.62939
0.6328	0.2691	0.57649
0.66448	0.34984	0.64566
0.61445	0.09803	0.78188
0.6416	0.29441	0.61277
0.65654	0.39319	0.57809
0.63752	0.27744	0.76866
0.65004	0.32436	0.74476
0.58322	0.10625	0.40158
0.59697	0.14404	0.36542
0.61234	0.12045	0.39079
0.598	0.21234	0.39373
0.61723	0.20855	0.36955
0.61464	0.10255	0.70885
0.63108	0.26688	0.69845
0.65689	0.38353	0.58196
0.6527	0.34201	0.5923
0.68068	0.67952	0.51735
0.6124	0.10218	0.42749
0.61433	0.14039	0.40434
0.60391	0.13565	0.40792
0.64405	0.17987	0.47286
0.61224	0.19545	0.42349
0.60522	0.10097	0.40454
0.60144	0.16219	0.32393
0.59128	0.19019	0.31753
0.58828	0.20966	0.27715
0.60176	0.18081	0.33824
0.58769	0.10478	0.42852
0.62655	0.21414	0.74254
0.60095	0.15469	0.4429
0.67981	0.42846	0.52191
0.65233	0.33536	0.50234
0.61395	0.09929	0.68752
0.61607	0.18583	0.83007
0.61678	0.17179	0.81082
0.64206	0.34843	0.41947
0.63174	0.31717	0.5296
0.60266	0.1082	0.37965
0.59477	0.13242	0.41395
0.57738	0.13431	0.39956
0.60079	0.17024	0.31528
0.59725	0.18016	0.31991
0.61416	0.08396	0.85311
0.6264	0.20421	0.80538
0.61584	0.18604	0.70235
0.672	0.44063	0.50644
0.62303	0.24074	0.6619
0.61453	0.09392	0.74566
0.62483	0.21658	0.7661
0.62447	0.20565	0.7834
0.65352	0.30079	0.76138
0.70534	0.52657	0.76417
0.61352	0.10288	0.46709
0.61389	0.13628	0.48691
0.60342	0.13477	0.46665
0.64631	0.25729	0.45593
0.62937	0.27924	0.52271
0.61541	0.10278	0.66792
0.58083	0.16193	0.58356
0.63202	0.28182	0.60201
0.67513	0.57396	0.58208
0.66474	0.31563	0.70524
0.61478	0.09829	0.69604
0.64154	0.28979	0.6168
0.61989	0.18568	0.73424
0.67199	0.5393	0.66034
0.70887	0.77646	0
0.61463	0.11543	0.49115
0.62896	0.2457	0.46535
0.61598	0.12034	0.44237
0.62824	0.21595	0.43386
0.64258	0.24179	0.44729
0.61421	0.10341	0.69315
0.588	0.20041	0.59301
0.65396	0.37978	0.58122
0.67974	0.76908	0
0.71099	0.76234	0
0.61264	0.103	0.47658
0.61812	0.13226	0.51612
0.61354	0.16521	0.53979
0.61913	0.16448	0.59944
0.66853	0.33603	0.54935
0.60579	0.10658	0.3922
0.5891	0.15727	0.32858
0.57579	0.16347	0.32844
0.58998	0.17287	0.33109
0.60616	0.18257	0.39215
0.59051	0.10904	0.49862
0.59986	0.12003	0.74713
0.6338	0.32253	0.53148
0.61847	0.21897	0.45785
0.61722	0.20393	0.57305
0.57848	0.11121	0.49064
0.62494	0.23204	0.58051
0.63968	0.27414	0.55909
0.59362	0.25327	0.50715
0.65583	0.24893	0.87375
0.59667	0.10852	0.3935
0.59219	0.12521	0.34961
0.61387	0.11513	0.44851
0.59477	0.18374	0.36274
0.6133	0.29776	0.4195
0.61432	0.11373	0.80341
0.60712	0.11864	0.7477
0.64534	0.30673	0.71828
0.63581	0.30788	0.83571
0.65791	0.27225	0.97726
0.61451	0.0933	0.8032
0.626	0.20538	0.75585
0.64006	0.25826	0.81289
0.64762	0.46862	0.64311
0.66204	0.52842	0.5893
0.6136	0.0982	0.5441
0.58632	0.13304	0.46681
0.60791	0.14224	0.43261
0.64703	0.2764	0.54758
0.60651	0.24891	0.38482
0.61504	0.10539	0.70313
0.62869	0.2565	0.66231
0.65182	0.38282	0.58021
0.65641	0.41806	0.63221
0.67975	0.42174	0.62766
0.61278	0.10964	0.66816
0.61809	0.13277	0.6978
0.62135	0.16686	0.70277
0.67904	0.7755	0
0.70905	0.76771	0
0.61223	0.09675	0.5623
0.61558	0.08603	0.57307
0.64361	0.28093	0.44944
0.61996	0.15965	0.46693
0.69033	0.41483	0.57696
0.61509	0.1084	0.76875
0.618	0.10665	0.71637
0.62127	0.22247	0.73858
0.68008	0.74251	0
0.70997	0.77585	0
0.6054	0.11077	0.53596
0.61506	0.13458	0.50881
0.60493	0.2432	0.52888
0.6689	0.49821	0.48499
0.65386	0.41302	0.5613
0.60981	0.10729	0.56106
0.60588	0.14252	0.3228
0.60645	0.18258	0.27542
0.59747	0.18316	0.26672
0.61593	0.22135	0.27852
0.61016	0.10952	0.42119
0.61033	0.13374	0.3693
0.61332	0.12357	0.44323
0.61326	0.12032	0.4404
0.62586	0.23813	0.41561
0.61344	0.1058	0.40546
0.6026	0.14148	0.40169
0.59648	0.1395	0.41426
0.63768	0.23293	0.43944
0.61608	0.18132	0.54641
0.61125	0.10654	0.39069
0.60989	0.13286	0.33269
0.58479	0.21452	0.26588
0.60255	0.18082	0.32924
0.61578	0.25501	0.32537
0.6081	0.10711	0.40802
0.61479	0.13417	0.41149
0.63705	0.18978	0.50007
0.60311	0.15249	0.47304
0.66411	0.34766	0.44828
0.60097	0.10802	0.44321
0.61581	0.13983	0.51473
0.61639	0.12787	0.57612
0.64678	0.2532	0.49815
0.6212	0.27112	0.55668
0.6135	0.10891	0.39286
0.61805	0.16394	0.29052
0.61078	0.14703	0.32701
0.60681	0.12557	0.32694
0.61586	0.18397	0.33644
0.61489	0.10153	0.51118
0.61723	0.14666	0.50621
0.64177	0.27354	0.53841
0.66565	0.44694	0.47363
0.68331	0.40527	0.59116
0.61504	0.09234	0.52904
0.62744	0.21534	0.47245
0.63178	0.39145	0.53888
0.66953	0.37641	0.58606
0.68922	0.4034	0.52462
0.61408	0.10683	0.40875
0.61491	0.14145	0.33282
0.61553	0.14086	0.33213
0.61438	0.10214	0.39586
0.63927	0.17815	0.37034
0.61504	0.08885	0.51331
0.63407	0.31337	0.47449
0.62292	0.3471	0.57291
0.6696	0.3719	0.57453
0.66381	0.34683	0.6041
0.61418	0.10722	0.37468
0.6082	0.1368	0.34113
0.61464	0.11805	0.42868
0.61278	0.12822	0.3456
0.63698	0.22475	0.40907
0.59463	0.10767	0.40888
0.57038	0.14563	0.35468
0.60271	0.13121	0.35543
0.5944	0.23837	0.29889
0.61787	0.28068	0.3052
0.60473	0.10559	0.40631
0.595	0.14032	0.4749
0.6109	0.20653	0.43577
0.62136	0.18063	0.53702
0.6186	0.26094	0.48899
0.61375	0.09815	0.48716
0.62048	0.21364	0.42958
0.61681	0.26356	0.4696
0.64811	0.32521	0.53225
0.6679	0.38588	0.52213
0.61336	0.10892	0.40197
0.6	0.13257	0.34414
0.58959	0.18968	0.31343
0.59564	0.20067	0.34705
0.60816	0.2204	0.33486
0.61411	0.08942	0.51891
0.62985	0.22115	0.53895
0.61585	0.1875	0.46938
0.65191	0.33594	0.54317
0.61309	0.31373	0.51322
0.61435	0.10841	0.52406
0.61156	0.12893	0.52256
0.61872	0.29613	0.5063
0.57188	0.36073	0.48112
0.63913	0.33022	0.51405
0.60658	0.106	0.41951
0.61161	0.12931	0.37437
0.61017	0.11661	0.43589
0.6003	0.12078	0.38195
0.6508	0.23338	0.44182
0.61434	0.1058	0.71922
0.61886	0.23548	0.54758
0.64185	0.35037	0.5297
0.64991	0.3265	0.53437
0.6672	0.49218	0.57063
0.61568	0.10491	0.61089
0.61807	0.1536	0.50236
0.64539	0.36387	0.5496
0.64994	0.3143	0.54417
0.67479	0.41009	0.59392
0.60912	0.11155	0.39178
0.61458	0.1251	0.39691
0.61433	0.12828	0.39931
0.60595	0.17436	0.38133
0.62226	0.23389	0.41326
0.60837	0.10204	0.4522
0.61127	0.17866	0.55147
0.6435	0.33351	0.55379
0.65092	0.37666	0.55525
0.68016	0.50842	0.54939
0.60534	0.10896	0.41906
0.61203	0.13207	0.45383
0.59511	0.14455	0.35254
0.60507	0.17954	0.38735
0.62273	0.15668	0.40454
0.6113	0.11086	0.39904
0.6014	0.12038	0.45203
0.5896	0.15056	0.42435
0.5982	0.21526	0.32602
0.6241	0.28363	0.42709
0.61322	0.10216	0.48656
0.61198	0.11813	0.54788
0.61787	0.27006	0.519
0.61372	0.28071	0.54407
0.65844	0.3324	0.55408
0.61297	0.10608	0.55631
0.62697	0.25822	0.50012
0.63442	0.33542	0.57037
0.56642	0.2203	0.42535
0.65508	0.31838	0.56299
0.6134	0.10725	0.40799
0.61141	0.13009	0.40201
0.58477	0.14728	0.38652
0.58281	0.23535	0.31261
0.60293	0.20424	0.38722
0.61418	0.09079	0.57868
0.61518	0.15661	0.59102
0.62573	0.28907	0.5617
0.66781	0.35818	0.55049
0.68899	0.36429	0.55127
0.6144	0.11299	0.76314
0.6245	0.19881	0.81377
0.63028	0.26367	0.71308
0.63065	0.27221	0.70439
0.66675	0.46565	0.47021
0.61426	0.11831	0.43793
0.60404	0.13058	0.39854
0.60604	0.15045	0.39843
0.61829	0.22016	0.4084
0.61074	0.27398	0.42753
0.61362	0.10096	0.61742
0.62726	0.26316	0.77883
0.64786	0.33554	0.78141
0.66084	0.33932	0.73261
0.67789	0.33588	0.6286
0.61448	0.10348	0.71697
0.6301	0.2528	0.74943
0.62947	0.31039	0.55932
0.66743	0.37827	0.57863
0.68977	0.62217	0.54059
0.60358	0.10816	0.42901
0.61795	0.15685	0.51888
0.61223	0.17731	0.52667
0.62852	0.2888	0.4928
0.64148	0.28799	0.68555
0.61455	0.11031	0.78127
0.62196	0.11548	0.58023
0.63672	0.31309	0.55038
0.6484	0.27855	0.73116
0.64923	0.58095	0.49466
0.61366	0.1063	0.46394
0.60275	0.13326	0.38769
0.62065	0.16567	0.61476
0.63173	0.28203	0.55946
0.61819	0.2815	0.49487
0.60483	0.10792	0.47963
0.58142	0.14932	0.54538
0.58116	0.21441	0.40622
0.58394	0.25747	0.42424
0.59323	0.25064	0.42454
0.61307	0.10361	0.51947
0.5601	0.11441	0.80126
0.62513	0.30463	0.59566
0.64138	0.2347	0.81474
0.68699	0.40037	0.54418
0.614	0.10221	0.70868
0.61995	0.14423	0.59733
0.651	0.47861	0.49483
0.65014	0.30503	0.75667
0.68621	0.44791	0.54396
0.59251	0.10713	0.39969
0.61064	0.12105	0.48991
0.60232	0.12573	0.52295
0.64414	0.32412	0.51082
0.58991	0.26512	0.38732
0.61182	0.10561	0.6872
0.60749	0.14237	0.6307
0.61779	0.09823	0.61152
0.6601	0.36398	0.70905
0.63288	0.27986	0.7878
0.61428	0.09727	0.81932
0.60363	0.14185	0.60474
0.61743	0.20893	0.72958
0.65475	0.38064	0.57605
0.70883	0.7669	0
0.59198	0.10963	0.4158
0.60657	0.1211	0.44382
0.64307	0.23187	0.54062
0.58521	0.21052	0.45785
0.62625	0.20066	0.50415
0.61498	0.09925	0.78211
0.62745	0.19677	0.97002
0.63438	0.343	0.65833
0.64387	0.44855	0.6441
0.68506	0.59096	0.61645
0.6143	0.09497	0.72811
0.64157	0.28483	0.63164
0.65196	0.37466	0.57286
0.67915	0.76971	0
0.70949	0.76271	0
0.60946	0.1025	0.54314
0.60586	0.11963	0.48837
0.59077	0.20505	0.48539
0.58893	0.23606	0.55968
0.59421	0.24036	0.39967
0.61706	0.10387	1
0.60941	0.16761	0.66383
0.61885	0.15046	0.98497
0.69367	0.71692	0
0.70212	0.72308	0.34978
0.61068	0.10317	0.58313
0.60404	0.13405	0.47753
0.62184	0.24385	0.52184
0.62879	0.17335	0.6256
0.68997	0.40324	0.57821
0.58537	0.11108	0.37315
0.59505	0.14157	0.33893
0.5869	0.17922	0.32101
0.59978	0.20919	0.30963
0.61009	0.28113	0.28578
0.60938	0.11109	0.3951
0.60579	0.13848	0.3759
0.60349	0.13431	0.36956
0.61517	0.13101	0.4417
0.61594	0.25199	0.43457
0.61181	0.10248	0.42622
0.61436	0.14649	0.40196
0.61802	0.09317	0.50562
0.6228	0.23648	0.43223
0.64518	0.32847	0.38646
0.60688	0.1087	0.40653
0.59222	0.13618	0.33938
0.61752	0.16198	0.29291
0.59105	0.19822	0.29822
0.61083	0.14675	0.3267
0.61452	0.10336	0.44858
0.60523	0.1176	0.40166
0.6162	0.1104	0.53797
0.64262	0.20639	0.50075
0.60937	0.26264	0.44034
0.6146	0.09353	0.50728
0.61702	0.14413	0.54492
0.61819	0.10503	0.52981
0.64742	0.27605	0.50273
0.67099	0.38598	0.44807
0.61406	0.10411	0.38498
0.61388	0.12907	0.36987
0.60468	0.15396	0.29134
0.60866	0.12962	0.3603
0.61636	0.19029	0.34046
0.61496	0.10234	0.52831
0.6117	0.14567	0.50776
0.60573	0.20347	0.52136
0.66067	0.34961	0.45378
0.66965	0.39417	0.51819
0.61479	0.08351	0.5141
0.61733	0.1561	0.51017
0.64091	0.33805	0.61112
0.65264	0.35516	0.56165
0.67558	0.32072	0.57682
0.61397	0.10526	0.38631
0.60863	0.14122	0.39212
0.61443	0.14099	0.36996
0.61627	0.12532	0.34565
0.62451	0.22951	0.38879
0.60846	0.10527	0.52683
0.6175	0.15581	0.55506
0.63549	0.25779	0.79485
0.59249	0.35699	0.52168
0.68245	0.32198	0.57376
0.58279	0.10262	0.41272
0.58782	0.13857	0.3391
0.60677	0.13686	0.3713
0.59852	0.1382	0.35466
0.60869	0.17748	0.39737
0.60361	0.38007	0.19915
0.67314	0.447	0.18575
0.74386	0.47884	0.18257
0.81519	0.57976	0.15391
0.84078	0.61854	0.15444
0.72345	0.39411	0.49835
0.71825	0.42015	0.65396
0.72324	0.38747	0.64462
0.92841	0.8182	0.36009
1	0.85385	0
0.71591	0.73419	0.41911
0.81708	0.79601	0
0.86764	0.91305	0.09021
0.94998	0.94291	0
0.99315	0.84364	0
0.70104	0.57015	0.58303
0.83029	0.80475	0
0.87618	1	0
0.94571	0.95543	0
0.98909	0.86593	0
0.73764	0.70636	0.37144
0.81873	0.81314	0.28576
0.89977	0.98784	0
0.92886	0.99722	0
0.98587	0.87821	0
0.63399	0.29781	0.48643
0.6688	0.4474	0.41673
0.73565	0.4836	0.41329
0.77694	0.56813	0.45185
0.86018	0.65781	0.42928
0.61881	0.34758	0.20485
0.64716	0.44663	0.16384
0.68443	0.47005	0.18934
0.77555	0.57413	0.14997
0.80377	0.57097	0.19459
0.67233	0.38207	0.70138
0.72746	0.3862	0.61479
0.88846	0.89693	0
0.88047	0.7765	0.45897
0.98668	0.88975	0
0.69248	0.50859	0.61447
0.76616	0.59737	0.67933
0.88723	0.87376	0
0.95048	0.92123	0
0.99157	0.85208	0
0.72721	0.59322	0.60873
0.78293	0.7966	0.09176
0.85607	0.85212	0.09102
0.90154	0.8929	0
0.97012	0.98492	0
0.7608	0.72724	0
0.78628	0.78546	0.09069
0.86612	0.88645	0
0.91237	0.94644	0
0.96914	0.95125	0
0.6442	0.37451	0.48033
0.69511	0.50323	0.67542
0.70866	0.40478	0.6693
0.81061	0.67989	0.42839
0.84487	0.59063	0.66756
0.62278	0.26128	0.28419
0.6414	0.36342	0.24515
0.67367	0.41752	0.25256
0.80242	0.57305	0.19571
0.86711	0.64977	0.17826
0.65544	0.31811	0.58962
0.75025	0.55164	0.58187
0.85412	0.76354	0.45824
0.87058	0.69334	0.3927
0.99467	0.92758	0
0.7399	0.75609	0
0.81312	0.7671	0
0.88696	0.88269	0
0.95069	0.9239	0
0.99197	0.85845	0
0.74223	0.74745	0
0.78633	0.68982	0.51768
0.87585	0.87449	0.09021
0.92073	0.93882	0.09021
0.98881	0.85754	0
0.73554	0.72772	0.3649
0.81687	0.74965	0
0.88907	0.87431	0
0.94803	0.92964	0
0.98545	0.87978	0
0.63689	0.34101	0.52886
0.7234	0.42664	0.45842
0.74231	0.51117	0.44192
0.82519	0.56348	0.70562
0.85717	0.64204	0.41135
0.60534	0.25236	0.28684
0.64158	0.3192	0.32021
0.65403	0.35918	0.37161
0.6958	0.42709	0.31873
0.83387	0.63772	0.18322
0.63713	0.32648	0.63906
0.67503	0.23933	0.75656
0.69293	0.27359	0.69459
0.87496	0.67006	0.54149
0.99703	0.86258	0
0.74123	0.74707	0
0.81499	0.75787	0
0.88874	0.89226	0
0.94986	0.92319	0
0.99133	0.849	0
0.76157	0.71674	0
0.78345	0.78946	0.09156
0.85536	0.83981	0.09021
0.94937	0.91289	0
0.98712	0.84247	0
0.71532	0.67562	0.52283
0.82132	0.75984	0
0.89306	0.89221	0
0.9483	0.92229	0
0.98558	0.86511	0
0.64109	0.28291	0.66022
0.66253	0.24371	0.83022
0.78379	0.53299	0.81768
0.95946	0.98658	0
0.93255	0.85138	0.30207
0.24147	0.24345	0.2058
0.31881	0.30513	0.20613
0.40683	0.3284	0.18438
0.47871	0.40717	0.17219
0.56493	0.42599	0.1725
0.25728	0.2432	0.23345
0.32402	0.30402	0.21651
0.41678	0.33153	0.22677
0.49812	0.41143	0.20244
0.55925	0.41513	0.21122
0.25005	0.25329	0.25677
0.33657	0.30192	0.23289
0.42115	0.36822	0.23083
0.49671	0.37483	0.24647
0.54595	0.396	0.3096
0.23688	0.20513	0.21667
0.3254	0.27252	0.20985
0.40243	0.35932	0.18459
0.47663	0.36638	0.17913
0.53243	0.41693	0.16077
0.24916	0.21551	0.2933
0.32988	0.29479	0.26397
0.40555	0.33828	0.24732
0.50128	0.39717	0.25871
0.58356	0.43438	0.26387
0.25887	0.21406	0.30644
0.34158	0.30472	0.32743
0.42322	0.35556	0.28262
0.5178	0.39925	0.27703
0.57322	0.45022	0.26366
0.2447	0.25857	0.21926
0.32054	0.27995	0.21432
0.40624	0.333	0.19026
0.47554	0.37537	0.17447
0.56426	0.45347	0.17405
0.25488	0.25246	0.3344
0.33858	0.30479	0.33817
0.4385	0.35285	0.29543
0.4904	0.38964	0.31892
0.57004	0.45363	0.29138
0.24771	0.26336	0.34342
0.36082	0.32984	0.32362
0.42954	0.36469	0.33978
0.49579	0.41374	0.28625
0.57085	0.45255	0.39498
0.23534	0.24491	0.2202
0.31644	0.28248	0.20419
0.40084	0.34992	0.19415
0.48057	0.40088	0.17757
0.55247	0.42182	0.19004
0.27731	0.31902	0.36809
0.32779	0.32084	0.38692
0.39723	0.35811	0.36207
0.475	0.40654	0.36381
0.55604	0.46463	0.31991
0.22935	0.21003	0.20968
0.3132	0.28664	0.21669
0.42268	0.33935	0.19854
0.49577	0.3695	0.20318
0.58436	0.43584	0.20956
0.25217	0.23834	0.21575
0.30982	0.28483	0.19456
0.40514	0.33453	0.18533
0.48304	0.38212	0.17219
0.5544	0.4326	0.17675
0.24489	0.27552	0.23221
0.33143	0.28993	0.23636
0.42584	0.32799	0.25316
0.49239	0.3864	0.23089
0.57159	0.43872	0.23407
0.24606	0.23746	0.26748
0.35129	0.29646	0.24541
0.39886	0.3491	0.28358
0.50412	0.40845	0.26721
0.53195	0.42051	0.26986
0.23474	0.25248	0.21672
0.33371	0.28295	0.19866
0.38918	0.33497	0.17982
0.48404	0.38859	0.1766
0.56133	0.44372	0.16329
0.2479	0.25371	0.26749
0.33266	0.28603	0.28495
0.41158	0.34603	0.25764
0.48978	0.424	0.27691
0.56904	0.44824	0.25703
0.26664	0.25824	0.32315
0.34045	0.33142	0.28611
0.43023	0.3424	0.30128
0.49024	0.4142	0.2935
0.57313	0.45463	0.28441
0.23851	0.24976	0.20046
0.32068	0.30194	0.19794
0.3914	0.34331	0.19189
0.47979	0.41734	0.17075
0.54717	0.41918	0.17196
0.24188	0.27129	0.34527
0.35056	0.31624	0.30065
0.40679	0.35603	0.29437
0.51148	0.40968	0.30253
0.55251	0.46443	0.28709
0.26803	0.27762	0.33178
0.344	0.32368	0.32621
0.41735	0.35665	0.32646
0.50201	0.45628	0.31135
0.54047	0.48231	0.29941
0.23439	0.23165	0.21458
0.31815	0.3159	0.20673
0.40667	0.33506	0.19629
0.49871	0.3938	0.20273
0.57749	0.42977	0.18572
0.2454	0.27736	0.36962
0.32627	0.30953	0.34269
0.38523	0.35948	0.39446
0.48422	0.42591	0.3294
0.48506	0.46497	0.4381
0.23761	0.2198	0.23126
0.32675	0.30626	0.23311
0.41036	0.34877	0.20293
0.49856	0.3926	0.21393
0.57692	0.44082	0.2215
0.25387	0.26978	0.20131
0.31701	0.31964	0.20052
0.40647	0.34859	0.19385
0.49026	0.39448	0.17888
0.57596	0.42519	0.17505
0.249	0.25848	0.24163
0.32415	0.29783	0.23349
0.41491	0.32086	0.21964
0.49535	0.37656	0.22279
0.56859	0.44243	0.23206
0.25211	0.24697	0.27014
0.31763	0.28913	0.27268
0.40233	0.32572	0.25731
0.48957	0.40201	0.25524
0.57951	0.45423	0.26425
0.23331	0.25382	0.20036
0.31532	0.30264	0.17919
0.39201	0.37607	0.17443
0.49195	0.37487	0.18521
0.53877	0.45644	0.16579
0.24118	0.29651	0.309
0.3315	0.31378	0.28275
0.41184	0.35042	0.28344
0.49804	0.40221	0.25431
0.53029	0.43861	0.28889
0.25721	0.27475	0.30774
0.29655	0.35077	0.28357
0.40678	0.35547	0.28807
0.49555	0.41757	0.30398
0.56589	0.43462	0.32908
0.2302	0.25079	0.19958
0.33178	0.30388	0.19312
0.38641	0.35029	0.20524
0.4935	0.39662	0.20391
0.56394	0.43361	0.19929
0.24753	0.23477	0.35618
0.36113	0.32851	0.35759
0.40585	0.37815	0.34183
0.49066	0.42649	0.33024
0.54212	0.48373	0.30792
0.25998	0.28341	0.37017
0.31878	0.34661	0.36043
0.42405	0.38042	0.33252
0.50345	0.44995	0.34431
0.49054	0.45481	0.36585
0.23752	0.27389	0.22768
0.31723	0.26876	0.21429
0.40146	0.33265	0.20655
0.50791	0.39489	0.20526
0.55697	0.42999	0.2116
0.23021	0.30189	0.52993
0.3032	0.31088	0.4356
0.379	0.41829	0.44923
0.42626	0.47508	0.45367
0.53079	0.48576	0.34771
0.25802	0.24116	0.24979
0.32545	0.29568	0.21879
0.42655	0.34445	0.23086
0.4805	0.375	0.22534
0.5772	0.44082	0.23172
0.23185	0.20149	0.21622
0.3187	0.2669	0.20249
0.40332	0.31552	0.1819
0.47966	0.38138	0.1699
0.55484	0.42427	0.16153
0.23623	0.23659	0.22515
0.34373	0.26822	0.22185
0.4199	0.31698	0.19847
0.51115	0.39334	0.22518
0.58238	0.43278	0.20207
0.25163	0.21545	0.23368
0.32489	0.26704	0.23008
0.41572	0.34261	0.20872
0.50451	0.38852	0.23059
0.57244	0.44858	0.21584
0.24383	0.21407	0.21532
0.32861	0.26718	0.19802
0.40851	0.31888	0.1844
0.47153	0.35751	0.16979
0.55266	0.41457	0.16013
0.25585	0.22219	0.25739
0.33819	0.27436	0.2519
0.42359	0.35173	0.24597
0.50085	0.39185	0.24702
0.57744	0.45798	0.24664
0.24907	0.23628	0.29139
0.35593	0.2797	0.30597
0.42825	0.34318	0.28546
0.49481	0.37229	0.31772
0.5851	0.47473	0.28256
0.22676	0.19433	0.22144
0.33203	0.27344	0.20277
0.39027	0.34321	0.19758
0.4733	0.3785	0.17054
0.56855	0.42379	0.17052
0.27607	0.32287	0.39571
0.32484	0.33953	0.36528
0.42183	0.36476	0.32661
0.48995	0.40999	0.29613
0.55686	0.45912	0.32945
0.25275	0.26232	0.32463
0.36447	0.32072	0.30591
0.41715	0.35069	0.33477
0.42132	0.43275	0.44772
0.57298	0.44294	0.33279
0.24056	0.19683	0.23055
0.33022	0.2657	0.22654
0.41156	0.31845	0.19747
0.47641	0.3769	0.18253
0.58325	0.41425	0.18025
0.24081	0.30209	0.4418
0.35058	0.32842	0.356
0.42071	0.3654	0.34843
0.51051	0.42172	0.36981
0.55464	0.41817	0.39886
0.2424	0.23211	0.21211
0.32669	0.2702	0.21185
0.39953	0.36491	0.18903
0.49908	0.36619	0.21111
0.58278	0.42841	0.19788
0.23948	0.24378	0.20611
0.31913	0.25625	0.19988
0.39032	0.3496	0.17806
0.48153	0.37928	0.1767
0.56106	0.41483	0.18934
0.25124	0.2345	0.22719
0.33498	0.29464	0.22343
0.41659	0.32946	0.22639
0.51247	0.37018	0.25773
0.58468	0.41609	0.21029
0.25562	0.25689	0.25175
0.34243	0.27437	0.25509
0.43099	0.32595	0.27362
0.5073	0.3554	0.27585
0.58704	0.46963	0.22229
0.23778	0.23561	0.21768
0.31453	0.30381	0.19361
0.38296	0.33187	0.17879
0.478	0.37373	0.17671
0.55816	0.41659	0.18013
0.25429	0.25907	0.26749
0.31192	0.27791	0.25988
0.41553	0.36336	0.27042
0.49008	0.36454	0.26339
0.57656	0.44798	0.24953
0.25012	0.24377	0.30668
0.35084	0.28994	0.31451
0.37001	0.39842	0.29045
0.47528	0.42006	0.27314
0.56427	0.43157	0.28394
0.23041	0.23574	0.21019
0.32763	0.27882	0.19722
0.42107	0.34734	0.19664
0.48271	0.37264	0.19211
0.56448	0.43608	0.19009
0.16471	0.26609	0.71811
0.33505	0.32552	0.3365
0.43281	0.33588	0.34415
0.49822	0.4382	0.28816
0.53781	0.5112	0.30756
0.2433	0.24145	0.33791
0.33943	0.31952	0.34886
0.39939	0.3679	0.31115
0.50285	0.43436	0.29636
0.561	0.45719	0.30158
0.24614	0.21441	0.23785
0.33291	0.30634	0.23382
0.40456	0.33128	0.20926
0.48587	0.35618	0.20617
0.56952	0.42462	0.20741
0.25915	0.30007	0.35155
0.32038	0.32728	0.4331
0.40385	0.40265	0.32207
0.4405	0.44213	0.3422
0.56153	0.4543	0.31352
0.24003	0.26845	0.21871
0.33371	0.28258	0.20965
0.4215	0.33902	0.22405
0.48305	0.38681	0.21188
0.57742	0.41962	0.2002
0.24253	0.274	0.20444
0.3087	0.27836	0.21273
0.40228	0.33424	0.18864
0.47051	0.36721	0.19247
0.55698	0.42372	0.19396
0.23929	0.2297	0.26212
0.32864	0.30516	0.2295
0.40342	0.34985	0.24859
0.48813	0.38211	0.21796
0.54993	0.42606	0.23331
0.25214	0.24771	0.25669
0.32544	0.29948	0.24736
0.40294	0.3393	0.25186
0.47608	0.38603	0.24465
0.57667	0.44904	0.26842
0.2436	0.23945	0.21041
0.31959	0.31423	0.19278
0.37874	0.35739	0.18497
0.47294	0.3903	0.17784
0.54905	0.44053	0.17155
0.25226	0.2633	0.28892
0.32008	0.34289	0.25156
0.4103	0.37407	0.27393
0.47481	0.44257	0.25652
0.55445	0.41653	0.29458
0.26644	0.27516	0.34639
0.32761	0.33542	0.28813
0.4277	0.39329	0.28069
0.47934	0.40468	0.29403
0.57819	0.43031	0.30603
0.2294	0.24659	0.2095
0.31937	0.28756	0.1878
0.40425	0.34486	0.19587
0.48707	0.38238	0.18366
0.55457	0.44616	0.17223
0.25574	0.25974	0.34725
0.33559	0.31447	0.33528
0.37684	0.39048	0.35485
0.44994	0.35905	0.3598
0.56468	0.50421	0.2841
0.26756	0.2644	0.34674
0.34375	0.31442	0.3396
0.40446	0.32648	0.33673
0.524	0.46856	0.334
0.53573	0.44634	0.32165
0.24356	0.25207	0.22513
0.32811	0.31076	0.22741
0.41441	0.32718	0.22235
0.48657	0.3845	0.18859
0.56083	0.42229	0.20255
0.25067	0.27932	0.41369
0.27497	0.32543	0.52867
0.41362	0.40152	0.32784
0.47442	0.48291	0.33127
0.53096	0.50917	0.32057
0.2528	0.25783	0.2332
0.32587	0.30971	0.22454
0.40023	0.34703	0.23019
0.49509	0.36778	0.23317
0.5619	0.44655	0.22834
0.23065	0.23677	0.23908
0.3101	0.26716	0.24827
0.38517	0.3697	0.20855
0.46737	0.38942	0.21474
0.53714	0.40261	0.22564
0.25167	0.23761	0.25541
0.31833	0.28893	0.25842
0.41644	0.34757	0.24836
0.49389	0.41	0.23542
0.57953	0.46072	0.24032
0.2406	0.27056	0.27816
0.34875	0.33665	0.25911
0.42882	0.33186	0.26226
0.49692	0.41656	0.27518
0.53355	0.46111	0.28274
0.23782	0.23513	0.21935
0.29815	0.27359	0.21474
0.41411	0.34276	0.21824
0.47505	0.379	0.22727
0.52018	0.41843	0.21654
0.2462	0.24884	0.30963
0.3258	0.2934	0.28944
0.38196	0.37055	0.26697
0.4711	0.4153	0.28989
0.53694	0.43915	0.29817
0.22441	0.2589	0.36425
0.32629	0.33599	0.33509
0.42317	0.3814	0.28903
0.50418	0.44649	0.30082
0.59188	0.49502	0.30856
0.23516	0.25619	0.22531
0.32352	0.2826	0.20228
0.39883	0.33684	0.21458
0.47461	0.39324	0.20014
0.56188	0.42097	0.2065
0.25725	0.25759	0.3963
0.34219	0.34155	0.32279
0.42857	0.38142	0.35905
0.47231	0.41256	0.38511
0.55632	0.50096	0.34655
0.24937	0.29521	0.3692
0.34916	0.33514	0.38323
0.42011	0.39872	0.34447
0.48039	0.45155	0.36835
0.59728	0.51116	0.36508
0.22971	0.24257	0.22873
0.32978	0.31424	0.22273
0.3987	0.33692	0.20822
0.49494	0.41774	0.21261
0.55042	0.42623	0.20995
0.22602	0.29419	0.49399
0.30456	0.36649	0.43603
0.3476	0.38815	0.52417
0.4147	0.48608	0.39334
0.5344	0.60526	0.42073
0.24618	0.25811	0.22737
0.33772	0.26875	0.2347
0.38964	0.34245	0.23828
0.50005	0.38632	0.22715
0.56782	0.43992	0.20843
0.24874	0.22301	0.2269
0.32292	0.27498	0.20106
0.41646	0.33397	0.18815
0.4919	0.36708	0.18643
0.55953	0.41613	0.17709
0.24233	0.22629	0.22066
0.353	0.26526	0.23295
0.42537	0.33691	0.2073
0.48966	0.35479	0.22224
0.56987	0.43676	0.23253
0.24934	0.23353	0.24561
0.33207	0.26376	0.23618
0.42646	0.325	0.22149
0.50232	0.39569	0.23518
0.58045	0.44458	0.2432
0.2441	0.2112	0.22799
0.31575	0.26513	0.18898
0.40462	0.29891	0.19431
0.48282	0.39151	0.1668
0.56212	0.42137	0.18083
0.25877	0.24418	0.26668
0.33951	0.29987	0.24506
0.4267	0.35142	0.23003
0.49341	0.398	0.24644
0.58179	0.4849	0.26296
0.26644	0.27516	0.34639
0.34801	0.30345	0.28865
0.44572	0.34956	0.31749
0.49339	0.34173	0.30896
0.53988	0.36002	0.31789
0.2379	0.2323	0.21159
0.31809	0.26391	0.20503
0.41017	0.29699	0.19564
0.48075	0.35239	0.19276
0.56779	0.43144	0.1837
0.26111	0.26426	0.29588
0.32488	0.33805	0.42927
0.41592	0.34467	0.32339
0.52444	0.38587	0.30867
0.56172	0.46701	0.31097
0.27876	0.24775	0.35111
0.35672	0.27106	0.32718
0.41107	0.37122	0.29953
0.51595	0.41777	0.34707
0.57684	0.48462	0.33698
0.25204	0.21907	0.22652
0.3214	0.26627	0.20588
0.40325	0.31789	0.19218
0.48968	0.37193	0.19642
0.55613	0.40048	0.19636
0.24587	0.29422	0.43842
0.33967	0.34229	0.33451
0.40335	0.32304	0.42385
0.52417	0.42254	0.3692
0.506	0.55811	0.38876
0.23172	0.21285	0.22801
0.32081	0.27068	0.2108
0.40593	0.33709	0.20658
0.48784	0.38972	0.20195
0.58141	0.43227	0.20279
0.25556	0.22043	0.22939
0.32505	0.27901	0.20833
0.39247	0.34676	0.19585
0.47513	0.3981	0.18023
0.56016	0.42185	0.18899
0.23935	0.22135	0.24755
0.3267	0.28989	0.22744
0.42428	0.33158	0.24026
0.48871	0.38177	0.21917
0.58092	0.42105	0.25899
0.24751	0.24557	0.26102
0.33391	0.26647	0.28027
0.40765	0.32723	0.27477
0.50476	0.39242	0.25974
0.58883	0.4474	0.26184
0.23817	0.24075	0.21146
0.32563	0.2805	0.20031
0.3964	0.35129	0.18847
0.47582	0.38987	0.1818
0.55027	0.43207	0.17104
0.24565	0.24598	0.26933
0.35055	0.28994	0.27138
0.42163	0.34351	0.27394
0.53066	0.40795	0.27534
0.60176	0.47394	0.23551
0.25247	0.29403	0.30018
0.32127	0.32395	0.28289
0.40717	0.32871	0.29702
0.50067	0.41978	0.27076
0.55695	0.47651	0.29312
0.24003	0.24108	0.22118
0.30879	0.27978	0.20932
0.40086	0.34505	0.19346
0.47507	0.39094	0.19782
0.57548	0.41309	0.1951
0.27986	0.22866	0.36878
0.35527	0.31521	0.3595
0.43516	0.40285	0.31386
0.49049	0.43707	0.28481
0.53989	0.39873	0.37276
0.25124	0.25516	0.30954
0.33412	0.28801	0.32979
0.39524	0.34997	0.34613
0.46417	0.41912	0.35826
0.53657	0.48369	0.3023
0.2482	0.23991	0.23561
0.32104	0.29649	0.22019
0.42307	0.32217	0.22414
0.48829	0.38945	0.2048
0.56748	0.41609	0.20475
0.25029	0.2728	0.35226
0.35311	0.291	0.34355
0.38239	0.33581	0.40871
0.49304	0.41244	0.33432
0.5614	0.48617	0.38408
0.24353	0.24965	0.23349
0.3358	0.29405	0.22874
0.41677	0.3294	0.21607
0.50945	0.39152	0.23148
0.57616	0.42268	0.21918
0.24226	0.22566	0.23764
0.31045	0.2819	0.21965
0.39186	0.32703	0.21238
0.47023	0.3805	0.21077
0.53799	0.41002	0.18499
0.24532	0.24575	0.22828
0.33187	0.31452	0.23152
0.4245	0.33701	0.23201
0.48532	0.3601	0.25036
0.5585	0.41925	0.26174
0.25648	0.25059	0.28158
0.32072	0.30989	0.28224
0.42176	0.35245	0.25267
0.50626	0.38473	0.27549
0.55011	0.42644	0.26401
0.24058	0.23322	0.22795
0.30688	0.31055	0.2025
0.39297	0.32691	0.21183
0.48292	0.37051	0.2052
0.54782	0.41456	0.21143
0.25572	0.24314	0.32392
0.30085	0.26853	0.30988
0.42822	0.34342	0.29762
0.48065	0.34206	0.31322
0.55429	0.43573	0.28568
0.23485	0.22088	0.34927
0.30242	0.30612	0.31926
0.41866	0.37514	0.3104
0.50507	0.41897	0.30603
0.53218	0.39854	0.32198
0.23886	0.25873	0.21563
0.31793	0.26996	0.22736
0.38667	0.34999	0.2013
0.47862	0.39696	0.19086
0.55225	0.38811	0.22288
0.2696	0.2736	0.38016
0.3316	0.34803	0.312
0.42641	0.37264	0.34479
0.48894	0.40538	0.34289
0.54958	0.45354	0.31907
0.23401	0.28037	0.32911
0.30316	0.28213	0.38038
0.42545	0.35904	0.35924
0.49102	0.40506	0.32055
0.60101	0.49085	0.31766
0.23665	0.24429	0.21288
0.31963	0.30829	0.21972
0.418	0.3356	0.22369
0.50742	0.38515	0.21907
0.56224	0.43902	0.23894
0.25256	0.29849	0.41218
0.34333	0.34082	0.37139
0.39688	0.40391	0.41258
0.51064	0.47393	0.32938
0.50833	0.58544	0.30737
0.23968	0.2519	0.23735
0.34074	0.29509	0.22234
0.41456	0.35583	0.24295
0.48746	0.39226	0.21563
0.56802	0.42819	0.23218
0.21767	0.27031	0.2304
0.31776	0.31593	0.22015
0.3732	0.33055	0.23767
0.45783	0.3825	0.23062
0.52849	0.41632	0.24064
0.23944	0.23204	0.26291
0.30879	0.29567	0.26937
0.38177	0.36065	0.24306
0.4683	0.36485	0.26806
0.50066	0.38411	0.26047
0.25711	0.2327	0.29094
0.3345	0.27653	0.29172
0.39846	0.35811	0.30263
0.48088	0.37173	0.27997
0.52901	0.42545	0.29341
0.21843	0.26878	0.23358
0.30351	0.27966	0.23187
0.38555	0.32264	0.23633
0.47572	0.36213	0.23084
0.52967	0.40974	0.2402
0.23573	0.23701	0.3352
0.32923	0.31771	0.31633
0.43348	0.38204	0.30373
0.48317	0.41114	0.27563
0.56539	0.49661	0.2831
0.24449	0.26972	0.36457
0.3163	0.32859	0.34882
0.38274	0.34766	0.349
0.45142	0.39931	0.30704
0.55471	0.433	0.34999
0.23519	0.22373	0.22447
0.32739	0.2916	0.21694
0.40746	0.36335	0.2085
0.49089	0.38813	0.19711
0.53876	0.42626	0.22065
0.24902	0.24556	0.38693
0.34173	0.328	0.39605
0.38076	0.41235	0.37042
0.49938	0.44844	0.36136
0.55703	0.45448	0.35428
0.25895	0.2886	0.36742
0.36003	0.35701	0.39012
0.42246	0.35522	0.37203
0.49075	0.45204	0.34201
0.49516	0.51226	0.37822
0.23592	0.24549	0.24779
0.32444	0.30013	0.2353
0.42962	0.3133	0.22491
0.47909	0.36855	0.22504
0.53684	0.39522	0.21834
0.24939	0.29574	0.42712
0.34026	0.38114	0.43555
0.29116	0.41225	0.49582
0.4844	0.43128	0.36357
0.49019	0.52851	0.40448
0.25929	0.24284	0.2385
0.3166	0.28693	0.22866
0.39462	0.33699	0.2354
0.49303	0.37167	0.25461
0.53137	0.41801	0.2584
0.24026	0.22729	0.21066
0.31953	0.25813	0.20404
0.38902	0.3163	0.17425
0.49207	0.36088	0.1834
0.55387	0.41849	0.16184
0.24487	0.23106	0.31609
0.32024	0.29385	0.20732
0.41388	0.3417	0.20888
0.50301	0.36577	0.21396
0.5835	0.42959	0.22255
0.25072	0.22425	0.24804
0.34731	0.28875	0.23807
0.42546	0.32291	0.23687
0.50038	0.39528	0.2519
0.57858	0.45601	0.25615
0.23807	0.21724	0.22106
0.33275	0.25622	0.2131
0.40389	0.31362	0.19797
0.49386	0.36423	0.1806
0.55482	0.41661	0.17386
0.25083	0.24201	0.2743
0.34837	0.30082	0.25687
0.41607	0.35007	0.26413
0.51666	0.38592	0.29055
0.55543	0.4101	0.31493
0.26341	0.22016	0.30078
0.34646	0.28282	0.3167
0.40845	0.31931	0.30197
0.45706	0.35815	0.29199
0.5382	0.43183	0.33658
0.23147	0.1907	0.22993
0.33715	0.28208	0.20979
0.39989	0.32013	0.19768
0.47633	0.35711	0.19286
0.57298	0.41972	0.19107
0.25917	0.26008	0.31555
0.35184	0.289	0.32881
0.40838	0.31591	0.31283
0.48114	0.4741	0.34144
0.56662	0.43467	0.36269
0.27323	0.22755	0.35468
0.36182	0.32199	0.35189
0.44986	0.4131	0.34847
0.47265	0.38678	0.36361
0.5794	0.48167	0.34569
0.24733	0.19794	0.24624
0.33125	0.27605	0.211
0.41207	0.31779	0.21495
0.49243	0.3573	0.22351
0.56527	0.4038	0.19755
0.27061	0.27248	0.38958
0.32147	0.35418	0.41192
0.40495	0.42457	0.36789
0.50819	0.42993	0.3795
0.55749	0.48852	0.3971
0.23954	0.22513	0.238
0.33319	0.26477	0.22434
0.42134	0.32016	0.22416
0.49614	0.37656	0.20783
0.58601	0.44434	0.24094
0.22849	0.22523	0.22515
0.32604	0.25859	0.20506
0.39542	0.34518	0.1832
0.48595	0.38088	0.19737
0.55205	0.41476	0.19617
0.22559	0.20346	0.26928
0.33469	0.30242	0.23606
0.42106	0.32289	0.25834
0.50897	0.3592	0.24522
0.58583	0.42768	0.25662
0.24818	0.21513	0.27918
0.33119	0.3281	0.26542
0.44443	0.31246	0.28635
0.50687	0.37825	0.29056
0.54174	0.41155	0.28116
0.23414	0.20838	0.22567
0.331	0.28935	0.21009
0.40795	0.33501	0.19384
0.47551	0.36195	0.20768
0.57089	0.42766	0.19301
0.24998	0.26169	0.30378
0.34025	0.27302	0.27671
0.4222	0.33103	0.25888
0.49087	0.38047	0.30966
0.57237	0.44857	0.27343
0.25868	0.25716	0.30691
0.34744	0.29775	0.31072
0.42396	0.35214	0.34098
0.4861	0.3826	0.31519
0.55487	0.46269	0.30294
0.24849	0.23473	0.21753
0.33529	0.28301	0.22519
0.41824	0.32926	0.20451
0.49457	0.3721	0.22693
0.56424	0.41898	0.19877
0.25566	0.27371	0.35129
0.34828	0.29696	0.33266
0.41705	0.36604	0.37242
0.48271	0.39024	0.32924
0.56863	0.43084	0.31264
0.24057	0.25183	0.38223
0.33927	0.2685	0.35313
0.42174	0.36267	0.33033
0.47087	0.37665	0.3683
0.55304	0.46706	0.34277
0.23545	0.24549	0.24186
0.34125	0.29155	0.24148
0.41539	0.34333	0.21415
0.49563	0.36247	0.23109
0.56581	0.40754	0.22745
0.23457	0.27134	0.36155
0.30168	0.29339	0.40673
0.39898	0.36986	0.34333
0.48366	0.44803	0.33375
0.56926	0.46362	0.33094
0.25971	0.20587	0.26209
0.33686	0.29115	0.23396
0.42628	0.32683	0.22875
0.50415	0.3888	0.22515
0.54588	0.38277	0.26363
0.2208	0.25016	0.20378
0.30918	0.28455	0.20655
0.39932	0.31829	0.20229
0.4849	0.36986	0.19494
0.57296	0.43302	0.18706
0.23338	0.25982	0.24057
0.29919	0.30402	0.25118
0.39941	0.34057	0.25348
0.51391	0.37224	0.26299
0.58964	0.44508	0.24323
0.27112	0.24219	0.29166
0.33266	0.29512	0.29748
0.40966	0.32138	0.27166
0.50348	0.3972	0.29392
0.57899	0.47249	0.24218
0.23359	0.23321	0.24242
0.3119	0.26679	0.21064
0.38653	0.31203	0.20263
0.47593	0.36122	0.22889
0.5311	0.4179	0.22095
0.21783	0.24776	0.29766
0.31003	0.27755	0.26941
0.43072	0.35435	0.3235
0.49448	0.39538	0.28426
0.53623	0.43626	0.29099
0.23926	0.25778	0.33626
0.34617	0.31629	0.33558
0.39326	0.35339	0.29335
0.48132	0.44882	0.29906
0.5525	0.47753	0.32718
0.24381	0.24002	0.236
0.32909	0.27919	0.23163
0.40417	0.36824	0.20052
0.48237	0.38863	0.20773
0.56809	0.43885	0.21077
0.23587	0.26259	0.32192
0.34087	0.30628	0.3709
0.41282	0.37593	0.31045
0.51594	0.44223	0.32889
0.57516	0.47971	0.33496
0.27017	0.27171	0.37961
0.33335	0.32782	0.38561
0.39424	0.34314	0.3894
0.49324	0.4231	0.36539
0.53069	0.46878	0.33915
0.24761	0.24681	0.24684
0.33306	0.28494	0.23823
0.41398	0.31805	0.25257
0.49915	0.35795	0.23992
0.56095	0.41636	0.2579
0.2382	0.26999	0.41513
0.28492	0.31363	0.40226
0.40325	0.35369	0.36291
0.48264	0.46792	0.34867
0.52921	0.50889	0.3509
0.25809	0.23346	0.26625
0.32972	0.30512	0.2291
0.42933	0.34743	0.24425
0.51204	0.38677	0.23291
0.54709	0.42228	0.23163
0.23804	0.22196	0.22705
0.32983	0.29196	0.20704
0.41977	0.32449	0.19273
0.48103	0.36273	0.18904
0.54949	0.41409	0.19464
0.23438	0.23638	0.27006
0.32443	0.30192	0.2693
0.41343	0.34901	0.25878
0.48467	0.36604	0.2958
0.55773	0.43786	0.27932
0.24647	0.25681	0.30147
0.32549	0.31327	0.30587
0.41575	0.32655	0.30744
0.49697	0.40109	0.27924
0.54776	0.39032	0.30295
0.21917	0.21618	0.26049
0.30889	0.29168	0.2398
0.38491	0.32053	0.26117
0.41931	0.3699	0.2597
0.54213	0.40033	0.26987
0.26244	0.26194	0.38663
0.31299	0.29038	0.32961
0.3753	0.33127	0.33451
0.51366	0.39063	0.29845
0.53702	0.45808	0.30923
0.2433	0.29004	0.36903
0.3415	0.35123	0.36124
0.40887	0.3845	0.33924
0.49923	0.44149	0.30052
0.55613	0.46574	0.34352
0.24048	0.26353	0.2272
0.30851	0.31164	0.21671
0.42753	0.34103	0.21385
0.48761	0.36107	0.2381
0.5489	0.44067	0.23706
0.24903	0.28925	0.37221
0.35146	0.36095	0.38345
0.41043	0.38283	0.34254
0.48234	0.45006	0.34648
0.57537	0.46946	0.34313
0.24922	0.3207	0.414
0.35998	0.34672	0.40571
0.41312	0.40552	0.36325
0.45521	0.46911	0.34504
0.55395	0.48181	0.36176
0.23553	0.23808	0.27512
0.33248	0.28965	0.23991
0.40323	0.34275	0.24459
0.48717	0.38544	0.22665
0.55505	0.38776	0.24382
0.15779	0.27426	0.55912
0.31746	0.35628	0.37942
0.42992	0.44349	0.36829
0.51149	0.44711	0.39218
0.51471	0.44209	0.46465
0.24134	0.25615	0.27975
0.33651	0.30258	0.24026
0.40773	0.35255	0.2428
0.4737	0.38062	0.26668
0.56072	0.43456	0.25689
0.24674	0.21003	0.21694
0.31282	0.265	0.20647
0.41183	0.31024	0.216
0.4898	0.37255	0.18142
0.56369	0.41558	0.17953
0.24708	0.23763	0.24739
0.32553	0.27402	0.23301
0.4327	0.32236	0.23968
0.49441	0.36547	0.21842
0.57046	0.42161	0.2187
0.25114	0.24595	0.25268
0.35249	0.28278	0.25472
0.42302	0.31679	0.24066
0.51032	0.38483	0.22438
0.56019	0.44891	0.26938
0.25008	0.21478	0.22614
0.32237	0.2804	0.20842
0.40547	0.32858	0.19469
0.49419	0.37066	0.19122
0.53824	0.41324	0.17334
0.24585	0.23385	0.28254
0.34687	0.27103	0.26555
0.42891	0.35386	0.23994
0.50282	0.36444	0.27351
0.56359	0.39017	0.26979
0.25031	0.26105	0.29459
0.33582	0.27291	0.31416
0.41996	0.35129	0.28816
0.47701	0.34894	0.34067
0.53906	0.43312	0.37763
0.24455	0.22893	0.21256
0.3236	0.28409	0.20765
0.39359	0.3337	0.18444
0.48206	0.35629	0.1952
0.54507	0.41684	0.20098
0.268	0.28224	0.40874
0.36184	0.32392	0.33649
0.44026	0.42679	0.36733
0.52316	0.43936	0.3587
0.57103	0.47726	0.3405
0.25625	0.23062	0.34812
0.35126	0.31002	0.32956
0.43219	0.35092	0.35066
0.51081	0.41464	0.31317
0.53296	0.45928	0.37402
0.24958	0.22061	0.22417
0.33197	0.2863	0.22389
0.4048	0.33395	0.20634
0.47701	0.37082	0.20637
0.58344	0.41432	0.21606
0.25301	0.2308	0.41013
0.29215	0.41542	0.42346
0.41464	0.39603	0.36317
0.50616	0.3958	0.36628
0.51866	0.64236	0.34675
0.24647	0.2142	0.25322
0.33331	0.2757	0.23171
0.42592	0.31459	0.23094
0.49302	0.37406	0.2006
0.55676	0.40606	0.21389
0.08066	0.13133	0.26436
0.16932	0.17992	0.28911
0.61953	0.47088	0.20802
0.68112	0.52846	0.2068
0.7176	0.56636	0.21052
0.08453	0.13493	0.28937
0.17073	0.19844	0.27067
0.66986	0.54024	0.2355
0.7008	0.5496	0.27047
0.74411	0.58003	0.29131
0.08948	0.13686	0.3493
0.16662	0.18933	0.33218
0.6591	0.53122	0.26353
0.69857	0.56048	0.28428
0.74942	0.62791	0.30199
0.08975	0.15766	0.38415
0.14887	0.21322	0.43084
0.60795	0.53223	0.3156
0.62408	0.58237	0.3243
0.72348	0.69931	0.35126
0.08824	0.14167	0.52405
0.18533	0.23176	0.40575
0.62181	0.57009	0.34654
0.65324	0.69927	0.24303
0.70838	0.75422	0.18648
0.07798	0.10916	0.29365
0.1655	0.19689	0.24368
0.62125	0.44165	0.24479
0.7205	0.50365	0.22543
0.75807	0.55625	0.24052
0.07501	0.10834	0.28955
0.14759	0.1777	0.25818
0.60623	0.4692	0.22624
0.67508	0.50909	0.23581
0.71372	0.53739	0.23845
0.09433	0.12262	0.32622
0.16193	0.19935	0.25911
0.62957	0.47405	0.27933
0.6757	0.5062	0.28598
0.76649	0.59436	0.29291
0.08163	0.11892	0.37073
0.17962	0.20339	0.36673
0.64031	0.52272	0.30266
0.68883	0.54486	0.35928
0.73152	0.7499	0.2912
0.08059	0.14398	0.38527
0.16835	0.21642	0.37129
0.5451	0.59338	0.33452
0.62311	0.65785	0.37763
0.70283	0.70261	0.35612
0.06762	0.12939	0.5737
0.14559	0.22606	0.56169
0.53484	0.57929	0.3554
0.68608	0.6976	0.32402
0.69185	0.68185	0.3075
0.07453	0.13768	0.26683
0.15571	0.18125	0.24331
0.64166	0.49794	0.2214
0.67066	0.51178	0.2325
0.75076	0.56324	0.2307
0.08968	0.12691	0.26821
0.14585	0.14872	0.26484
0.60202	0.47814	0.22261
0.68824	0.54087	0.22807
0.70643	0.55381	0.24576
0.08137	0.12863	0.31957
0.17009	0.21401	0.26458
0.65985	0.50515	0.24574
0.65657	0.50067	0.28939
0.73665	0.57076	0.29918
0.10318	0.13819	0.4623
0.14905	0.17853	0.35192
0.62258	0.45361	0.31579
0.67822	0.51261	0.29412
0.74069	0.59952	0.35324
0.09302	0.16385	0.41309
0.16938	0.22139	0.36287
0.62346	0.52785	0.32922
0.62613	0.66611	0.3783
0.72642	0.64624	0.3529
0.08579	0.13635	0.39955
0.17381	0.20868	0.40382
0.5771	0.55611	0.44145
0.64852	0.63636	0.32516
0.72207	0.78732	0.12517
0.07795	0.11494	0.27465
0.15717	0.17999	0.25524
0.64323	0.49178	0.2239
0.72304	0.56639	0.22122
0.76358	0.61425	0.22799
0.07293	0.12643	0.28908
0.14771	0.18033	0.26346
0.58705	0.46492	0.3008
0.62862	0.48186	0.32639
0.64907	0.50401	0.34236
0.07333	0.12567	0.32753
0.15865	0.1938	0.29195
0.62442	0.49216	0.25903
0.69176	0.52634	0.30704
0.7533	0.58591	0.31301
0.07596	0.11872	0.36118
0.18333	0.21197	0.34617
0.61995	0.54065	0.31917
0.69775	0.56661	0.32435
0.72192	0.66137	0.38253
0.08016	0.14116	0.43492
0.17904	0.22311	0.39161
0.61612	0.53434	0.3761
0.66121	0.70581	0.31884
0.70255	0.71551	0.31462
0.08609	0.13514	0.49597
0.14345	0.23231	0.48991
0.58874	0.48136	0.38766
0.63863	0.66982	0.3479
0.74298	0.75415	0.14944
0.07865	0.14469	0.28612
0.15283	0.17145	0.29222
0.60329	0.44955	0.23092
0.68869	0.51205	0.22085
0.742	0.56064	0.25729
3.67E-04	1.73E-04	0.42189
0.03658	0.01191	0.41597
0.07784	0.02541	0.43008
0.1202	0.03632	0.37129
0.17105	0.05165	0.36118
0.20451	0.06429	0.34255
0.28356	0.08187	0.34156
0.34878	0.09086	0.33519
0.40723	0.11267	0.32734
0.45817	0.1254	0.30904
0.49536	0.14306	0.30919
0.51946	0.14996	0.30472
0.01905	0.02183	0.38812
0.05966	0.04157	0.39794
0.09439	0.06438	0.33765
0.16005	0.08878	0.33361
0.20365	0.10442	0.33044
0.26212	0.11756	0.32047
0.32784	0.14872	0.30712
0.38041	0.15566	0.28716
0.43379	0.18773	0.28131
0.47397	0.20282	0.26911
0.50508	0.21955	0.27075
0.52948	0.21624	0.27586
0.04366	0.06473	0.34799
0.09522	0.09942	0.30076
0.14522	0.12226	0.28729
0.19889	0.15293	0.2925
0.26005	0.18686	0.26507
0.3146	0.20738	0.25889
0.3691	0.23802	0.23996
0.41897	0.2521	0.23491
0.45399	0.26178	0.2427
0.49715	0.28316	0.21053
0.52788	0.29489	0.20556
0.54373	0.29923	0.20469
0.05729	0.11248	0.30718
0.11275	0.16416	0.25258
0.15294	0.19998	0.2383
0.21374	0.20397	0.23932
0.27938	0.22786	0.25103
0.32155	0.22807	0.24161
0.3745	0.24624	0.22962
0.42101	0.26299	0.24021
0.4837	0.29405	0.20976
0.52165	0.31257	0.20196
0.55188	0.32726	0.19816
0.5741	0.34084	0.1936
0	3.10E-04	0.44541
0.03641	0.01142	0.47621
0.07616	0.02277	0.50962
0.11832	0.03743	0.47099
0.16214	0.05318	0.41751
0.2083	0.05727	0.47586
0.27748	0.08302	0.39158
0.3518	0.10274	0.54847
0.39493	0.12361	0.38362
0.46121	0.13236	0.39911
0.5044	0.14192	0.4089
0.53242	0.15386	0.40182
0.01843	0.02298	0.38059
0.05852	0.04417	0.39321
0.09586	0.06447	0.46044
0.14949	0.0832	0.3616
0.2085	0.11317	0.50165
0.26378	0.11489	0.33553
0.32634	0.14312	0.34931
0.38938	0.18495	0.52091
0.43941	0.19686	0.33387
0.48429	0.19504	0.3395
0.53016	0.21988	0.34265
0.53762	0.17704	0.36929
0.03405	0.0516	0.38186
0.09713	0.09151	0.35215
0.13209	0.11409	0.31297
0.18939	0.13157	0.31772
0.25108	0.19121	0.34024
0.30003	0.20416	0.30951
0.36547	0.2107	0.33904
0.42555	0.24688	0.35979
0.48935	0.26116	0.34999
0.53471	0.2862	0.35431
0.5824	0.30793	0.34703
0.6009	0.31139	0.3772
0.05854	0.1	0.30303
0.11184	0.1342	0.3394
0.16936	0.18693	0.30698
0.23307	0.23462	0.34338
0.27215	0.19349	0.30791
0.32309	0.21989	0.325
0.40313	0.28096	0.34466
0.45865	0.31215	0.32048
0.49731	0.27267	0.30486
0.56762	0.3269	0.31415
0.59564	0.3029	0.33504
0.62254	0.3027	0.34284
3.91E-04	1.00E-04	0.53623
0.03717	0.00794	0.50951
0.0764	0.02091	0.48249
0.12187	0.03739	0.48699
0.16737	0.04984	0.48603
0.21502	0.06147	0.50189
0.27869	0.07805	0.46209
0.35857	0.09745	0.46037
0.40558	0.11272	0.42968
0.48085	0.15201	0.43168
0.51725	0.13487	0.44027
0.54889	0.15097	0.44855
0.01634	0.02137	0.45229
0.05856	0.04287	0.50131
0.10467	0.06381	0.43896
0.14367	0.09432	0.42784
0.22208	0.10455	0.43989
0.27476	0.13181	0.43493
0.33535	0.16124	0.43745
0.39359	0.19364	0.41192
0.45803	0.18881	0.46945
0.52078	0.26669	0.39837
0.56253	0.28844	0.40603
0.57917	0.31912	0.39789
0.03847	0.06258	0.40949
0.08785	0.09875	0.417
0.14319	0.1467	0.47157
0.19364	0.15935	0.42935
0.25167	0.20421	0.40874
0.31158	0.22101	0.3778
0.37944	0.24978	0.42024
0.43759	0.29443	0.4369
0.49764	0.33524	0.42092
0.56279	0.3612	0.43252
0.60885	0.36666	0.43827
0.63427	0.38885	0.43222
0.05052	0.0998	0.42129
0.117	0.16321	0.38757
0.17024	0.17927	0.36551
0.22153	0.22518	0.37531
0.29989	0.2602	0.37142
0.35231	0.27003	0.37761
0.39437	0.27499	0.42568
0.46015	0.31756	0.3855
0.53267	0.35354	0.44997
0.60273	0.36714	0.41708
0.63075	0.41028	0.41099
0.65689	0.41894	0.43232
0.06816	0.11639	0.30269
0.12882	0.18921	0.25931
0.19227	0.18089	0.28388
0.24223	0.23939	0.23868
0.29228	0.24614	0.25391
0.35393	0.27402	0.23509
0.40556	0.27875	0.23273
0.45782	0.29798	0.21444
0.49137	0.31812	0.20927
0.54491	0.34473	0.21051
0.57528	0.36991	0.20608
0.59481	0.35928	0.20955
0.07385	0.12829	0.29492
0.1308	0.18143	0.25438
0.19503	0.19987	0.23492
0.25736	0.25133	0.22436
0.3251	0.27996	0.22013
0.3773	0.30466	0.21929
0.4496	0.33877	0.20518
0.49853	0.33837	0.20189
0.55579	0.3682	0.18803
0.59274	0.39664	0.18571
0.62568	0.41782	0.18855
0.64832	0.4279	0.17891
0.08231	0.11885	0.28037
0.13674	0.15527	0.25925
0.20995	0.20993	0.21957
0.27715	0.26052	0.21733
0.32318	0.29057	0.20142
0.4076	0.32555	0.19295
0.48818	0.37835	0.19971
0.53723	0.39389	0.18029
0.59359	0.42921	0.17478
0.63414	0.46309	0.16906
0.67117	0.47533	0.1618
0.69214	0.50286	0.15495
0.08102	0.10882	0.29216
0.13716	0.1608	0.2362
0.20706	0.22531	0.21705
0.27351	0.26994	0.2104
0.336	0.29172	0.19322
0.41468	0.3441	0.18588
0.49059	0.38056	0.18356
0.56489	0.43726	0.1612
0.63607	0.47036	0.16549
0.67381	0.50031	0.15202
0.70865	0.55157	0.14536
0.73986	0.56275	0.14966
0.07289	0.11428	0.25153
0.13058	0.15182	0.23034
0.21068	0.21721	0.20479
0.26738	0.26127	0.19787
0.3306	0.30534	0.18325
0.39837	0.34406	0.1695
0.47886	0.36975	0.17277
0.55931	0.43989	0.15596
0.63217	0.48999	0.1511
0.68212	0.53548	0.15283
0.74062	0.55859	0.1527
0.76643	0.56234	0.15768
0.08032	0.10986	0.3591
0.12927	0.15603	0.2927
0.17542	0.17258	0.29395
0.22739	0.23411	0.38667
0.32057	0.23815	0.32023
0.3594	0.29048	0.30262
0.4276	0.30273	0.31943
0.49457	0.34274	0.32108
0.55438	0.3806	0.33778
0.61247	0.41831	0.34919
0.63038	0.41778	0.36085
0.64945	0.43615	0.36979
0.08899	0.13661	0.32158
0.15163	0.18666	0.27798
0.20479	0.2143	0.27879
0.29165	0.26081	0.27866
0.33608	0.28657	0.30908
0.40699	0.30607	0.29594
0.46298	0.35398	0.3073
0.5339	0.39697	0.30745
0.59648	0.45596	0.32566
0.64298	0.45646	0.33312
0.65301	0.42486	0.35244
0.67078	0.46729	0.35951
0.06815	0.12349	0.29775
0.15278	0.16391	0.27713
0.23211	0.24337	0.27281
0.29303	0.24811	0.2811
0.36211	0.31886	0.26323
0.41215	0.34577	0.27039
0.50172	0.42882	0.27864
0.54736	0.40861	0.28297
0.62218	0.4656	0.27515
0.69032	0.46884	0.31543
0.72947	0.52702	0.32013
0.75001	0.52167	0.33311
0.08794	0.11011	0.30471
0.15636	0.15969	0.26946
0.21369	0.21008	0.25482
0.29712	0.28022	0.24807
0.34168	0.31478	0.21399
0.42611	0.37773	0.2261
0.50845	0.40319	0.22645
0.58636	0.44803	0.24363
0.66446	0.48307	0.25634
0.7063	0.48437	0.29509
0.74423	0.55057	0.2521
0.78126	0.57576	0.26583
0.0728	0.10565	0.28902
0.13616	0.15685	0.24836
0.18536	0.22167	0.27275
0.26997	0.25719	0.23674
0.33637	0.27564	0.23983
0.41786	0.35094	0.238
0.46821	0.3862	0.21755
0.5713	0.45482	0.22931
0.62256	0.52811	0.22463
0.73231	0.56127	0.23027
0.75196	0.61788	0.24064
0.79495	0.6429	0.25032
0.08115	0.14875	0.36714
0.11722	0.19652	0.38557
0.19359	0.23441	0.32192
0.26194	0.24919	0.38616
0.30845	0.26627	0.39677
0.36478	0.29518	0.41579
0.44455	0.33534	0.38216
0.50188	0.36319	0.39155
0.57349	0.39817	0.39918
0.62239	0.41873	0.41353
0.66001	0.43764	0.42362
0.67957	0.46942	0.42399
0.06991	0.10932	0.34141
0.14878	0.18414	0.30897
0.22767	0.23045	0.34213
0.25563	0.34525	0.34867
0.35173	0.33085	0.31113
0.40993	0.33463	0.35293
0.48788	0.37516	0.37709
0.53545	0.38392	0.37852
0.59297	0.38562	0.39261
0.6391	0.44456	0.38032
0.65485	0.43106	0.40534
0.66956	0.45406	0.40694
0.08431	0.12267	0.32778
0.15532	0.16588	0.34097
0.22058	0.21306	0.33004
0.29863	0.26391	0.29855
0.35529	0.299	0.36475
0.43553	0.35008	0.33704
0.50161	0.39378	0.37416
0.55821	0.44116	0.37037
0.62028	0.45517	0.36256
0.65357	0.48978	0.34386
0.70151	0.5104	0.37937
0.75908	0.66685	0.34181
0.08002	0.12905	0.41525
0.15017	0.18365	0.28989
0.20258	0.21785	0.28851
0.27023	0.29065	0.27338
0.34108	0.34391	0.28982
0.43247	0.37093	0.29388
0.51015	0.40445	0.29333
0.58253	0.49859	0.29457
0.63586	0.53083	0.30521
0.68392	0.57946	0.2853
0.71698	0.63919	0.29947
0.7413	0.56881	0.32568
0.06457	0.10956	0.42687
0.1332	0.15503	0.31119
0.20929	0.18633	0.30823
0.26989	0.23926	0.289
0.34815	0.30133	0.28955
0.40115	0.35311	0.28609
0.51438	0.40067	0.31325
0.58481	0.44323	0.31459
0.65624	0.51114	0.29951
0.71854	0.55782	0.30177
0.7639	0.60226	0.30424
0.79892	0.65202	0.34198
