0.603874797	0.106660765
0.5663588	0.173799818
0.577523968	0.280815225
0.58075445	0.318930717
0.59077208	0.326586711
0.614271354	0.100138487
0.61509352	0.124145586
0.612894215	0.141089376
0.602277427	0.177589553
0.62992732	0.227168092
0.593399008	0.115898116
0.613879356	0.138649513
0.611343112	0.213812607
0.625985134	0.233222464
0.648829035	0.377243661
0.580663651	0.104741518
0.554337228	0.167912062
0.584609191	0.199518265
0.584421	0.309346716
0.618510458	0.252953975
0.614378578	0.089297451
0.613081365	0.139301051
0.642529774	0.345893059
0.655229737	0.349567731
0.664718534	0.358825748
0.614090103	0.095295765
0.609027561	0.237553557
0.632104069	0.382288871
0.640540638	0.215924448
0.684260239	0.370266115
0.614055865	0.112153792
0.599352192	0.141984256
0.609651241	0.17367018
0.610378559	0.13581394
0.615291659	0.222444032
0.6135327	0.104985414
0.62544034	0.260514414
0.621058733	0.210515194
0.633269768	0.291992137
0.635015193	0.287229564
0.61562027	0.101350741
0.641496515	0.29082459
0.642399417	0.343030601
0.652608129	0.334099674
0.658256991	0.350346113
0.579726628	0.10830669
0.600652759	0.124853259
0.607779391	0.129138639
0.60010542	0.154417499
0.620157566	0.224782324
0.615812741	0.10338344
0.641553192	0.290099321
0.639719397	0.254384726
0.678993775	0.57644162
0.681934162	0.344313439
0.61310126	0.095793877
0.613911049	0.120225559
0.615452668	0.11315563
0.612346644	0.112644907
0.655659327	0.248228657
0.590896423	0.111871005
0.580344871	0.183455762
0.573915368	0.253422787
0.561908255	0.313641737
0.624782538	0.377417754
0.598095115	0.107533518
0.604752715	0.110088646
0.632625962	0.250206102
0.621641813	0.353474643
0.71025192	0.584457126
0.602118153	0.104135819
0.602186859	0.139768957
0.634750661	0.307319832
0.656541755	0.293793325
0.643967639	0.273497851
0.59990277	0.107281643
0.593533645	0.147287861
0.555945356	0.259137734
0.576038564	0.291574678
0.599490877	0.291112764
0.614564803	0.095462079
0.59814092	0.117449518
0.662367357	0.372914406
0.680937801	0.503970391
0.705694961	0.491351451
0.614018505	0.10780815
0.610716655	0.140509932
0.6419054	0.330747814
0.666524569	0.378038556
0.685695906	0.350372191
0.597421583	0.105442319
0.591265634	0.141407078
0.586269022	0.180618854
0.598379889	0.223698777
0.584894775	0.277603324
0.606278603	0.107851421
0.630580726	0.262819404
0.610345247	0.163150093
0.627637447	0.294495183
0.669883558	0.559573473
0.614401249	0.08955061
0.623992412	0.246053004
0.62277848	0.183459437
0.647260466	0.481965407
0.673849687	0.407157421
0.612207496	0.094992991
0.594772677	0.145383466
0.640401258	0.218326728
0.614171417	0.129536414
0.686207736	0.396170259
0.615236369	0.100102063
0.616102605	0.239710835
0.652673019	0.381438697
0.665178082	0.55633514
0.711130532	0.76798872
0.604460191	0.109626505
0.607112335	0.108954578
0.608398097	0.147352227
0.621294926	0.312363683
0.610916992	0.240679067
0.585320779	0.10978562
0.563338254	0.172147072
0.542477707	0.237093229
0.57757544	0.323064181
0.590111965	0.399881078
0.614393152	0.100452665
0.578034641	0.205962433
0.639909323	0.234495636
0.68369046	0.500407586
0.674062515	0.385668773
0.61176819	0.105628293
0.614744551	0.0923301
0.660523152	0.378987859
0.671806996	0.396245675
0.698343356	0.47400684
0.593935012	0.110651879
0.570745727	0.139631993
0.599819373	0.186341303
0.599117502	0.17954379
0.606487846	0.250398974
0.614026023	0.090599042
0.641460774	0.283503339
0.661318367	0.375442523
0.641359796	0.357193367
0.691451182	0.397537474
0.614683131	0.116907052
0.616075654	0.133216245
0.643629774	0.383419315
0.625847952	0.293349233
0.608357382	0.290201018
0.597312277	0.107360911
0.596289081	0.133692659
0.596889743	0.178475421
0.599727765	0.240036289
0.599313096	0.18530294
0.612403553	0.101248239
0.621966608	0.22419709
0.642173171	0.275777769
0.650773987	0.486166031
0.637940428	0.475128473
0.614178126	0.094321038
0.630482062	0.220464019
0.653869023	0.371981818
0.659562069	0.369949647
0.689871278	0.611200418
0.614034351	0.10873233
0.605611547	0.121310189
0.618264665	0.148196989
0.618340196	0.16880513
0.613998031	0.283866174
0.611877265	0.108247736
0.614811406	0.134138236
0.653452272	0.361483856
0.652551799	0.486244619
0.664911121	0.628744495
0.613388463	0.102670406
0.612073553	0.128395649
0.604270034	0.189689286
0.619319554	0.313520104
0.605836752	0.25019631
0.578495345	0.105852931
0.551945683	0.162095368
0.576840604	0.249584243
0.583005806	0.337533597
0.619168723	0.32631213
0.611936602	0.1106878
0.616219082	0.16194315
0.611849273	0.133910073
0.607042819	0.142987025
0.632490746	0.235945643
0.614306517	0.105153415
0.613497075	0.125055293
0.631125405	0.217557635
0.59900542	0.146270492
0.628943219	0.189906097
0.594639197	0.109129174
0.585762282	0.156387771
0.585520652	0.244597936
0.609827055	0.287396104
0.594230196	0.31207571
0.614369672	0.11186368
0.606972724	0.142084619
0.630736762	0.17146349
0.637803825	0.270504346
0.655227308	0.300156815
0.61318963	0.102814216
0.628007005	0.235389785
0.635640261	0.217934819
0.616725938	0.214683321
0.66942135	0.36753838
0.585588087	0.108436655
0.596463392	0.149424447
0.591488641	0.20419417
0.608013039	0.296315351
0.608597855	0.208675517
0.613924351	0.102166076
0.617056632	0.143498655
0.611720535	0.293802388
0.655323428	0.37831495
0.669577848	0.401408038
0.614604014	0.095757956
0.618682225	0.139853536
0.655340084	0.373670485
0.693330203	0.512027633
0.66453948	0.343217733
0.614023016	0.104524935
0.616534508	0.139445667
0.601126534	0.189877476
0.615597137	0.208213075
0.61228187	0.140266011
0.61514557	0.092089779
0.622543559	0.213971998
0.66056005	0.404354018
0.669529731	0.359657546
0.679829936	0.315158578
0.608815773	0.106242399
0.586034332	0.144315123
0.607693218	0.120703911
0.620479353	0.210075809
0.597261267	0.213069441
0.587662355	0.110060226
0.600747606	0.141407204
0.586649916	0.196978744
0.611416329	0.218114374
0.615603383	0.233246454
0.610088233	0.103543235
0.611757202	0.130149085
0.618016673	0.146295514
0.616428556	0.112873875
0.671108132	0.380527606
0.614328263	0.091433634
0.615727726	0.121403402
0.622651361	0.204597609
0.624003632	0.165827911
0.667897544	0.414100632
0.579400676	0.107383189
0.585871588	0.152325167
0.578199352	0.222624392
0.614526748	0.199135392
0.6023983	0.272789902
0.614486843	0.095793323
0.61577781	0.132753828
0.655069653	0.409237318
0.667143275	0.375355024
0.690098911	0.435060356
0.614480134	0.105629148
0.612951239	0.120790554
0.656290294	0.378107932
0.667490857	0.345800525
0.666255526	0.341640328
0.609740305	0.109656133
0.589911281	0.152483376
0.585063302	0.20332839
0.614039556	0.171310064
0.601453063	0.19599712
0.613178757	0.102036237
0.627953451	0.259678589
0.644508964	0.323625728
0.649436175	0.342789298
0.658547895	0.308309713
0.612375098	0.107619306
0.633901661	0.265917878
0.640184497	0.335730747
0.672236354	0.417149064
0.673833146	0.487558217
0.611304247	0.10993668
0.60992653	0.141572234
0.614274824	0.104460846
0.611515109	0.131362019
0.659666633	0.339281067
0.61565659	0.113745068
0.641563602	0.290943907
0.641616347	0.343084168
0.677533933	0.568684785
0.687056505	0.654157323
0.597954232	0.107498076
0.59848133	0.141616261
0.603656533	0.1376621
0.586259422	0.137128293
0.624848699	0.205549252
0.588955519	0.109323857
0.598611456	0.179306288
0.589868715	0.204360283
0.598430436	0.217506988
0.609778938	0.280677582
0.613459945	0.096507591
0.612544436	0.113971166
0.610840883	0.225791286
0.612628179	0.265927696
0.633075793	0.367968476
0.608665521	0.103758761
0.620819416	0.188295413
0.629579044	0.236322399
0.682226686	0.505439958
0.657761124	0.360311476
0.578840035	0.103269686
0.566149326	0.146674661
0.576637954	0.21881457
0.590289283	0.268295213
0.607146689	0.217934189
0.614964319	0.101969631
0.630760243	0.239502583
0.65980127	0.385624218
0.621664369	0.310869397
0.679466624	0.460947786
0.604135397	0.106538326
0.621928091	0.194798057
0.625482905	0.202836117
0.658393595	0.335185613
0.691129048	0.543203186
0.612566181	0.110478995
0.59303292	0.12511334
0.604864797	0.128937033
0.585698202	0.199416543
0.61353779	0.222717329
0.609512439	0.114166051
0.610941976	0.17446719
0.632094469	0.297963189
0.663696263	0.359676929
0.678673722	0.340415085
0.614575676	0.083540088
0.618518555	0.242865066
0.636264288	0.306404261
0.640570711	0.452393489
0.700530863	0.598827816
0.609811325	0.100562643
0.615346601	0.138571126
0.613984961	0.135100578
0.629365753	0.220178563
0.634596245	0.292518845
0.614651091	0.089342535
0.616470312	0.237193113
0.638494477	0.283314697
0.65292263	0.506185666
0.683285623	0.687209582
0.608215111	0.103557759
0.606346384	0.142690746
0.612126529	0.118270593
0.628559318	0.188071933
0.647015598	0.31899541
0.591119314	0.110290605
0.585670211	0.142366802
0.574504001	0.202094739
0.566173847	0.239978392
0.592557757	0.248039612
0.602903999	0.110998076
0.621113559	0.223200564
0.620081457	0.133093001
0.637108315	0.152988007
0.710552425	0.542808231
0.605502241	0.101357689
0.615424792	0.092350389
0.615957095	0.181209752
0.592504203	0.283642492
0.655564479	0.299742276
0.604136091	0.105586255
0.570905349	0.132978366
0.577458616	0.177133781
0.597522214	0.171548572
0.593902394	0.207824362
0.613519514	0.095345531
0.615327747	0.148679846
0.629617099	0.315441516
0.649160539	0.271471269
0.627898856	0.282918986
0.610583869	0.11180674
0.607092209	0.117319024
0.623691676	0.309168143
0.639437515	0.509766796
0.707901438	0.781031161
0.598464211	0.107765054
0.588679421	0.119715188
0.606787888	0.126021939
0.601811402	0.150008951
0.612432238	0.299930012
0.614743972	0.121105562
0.616032047	0.133202048
0.652159223	0.386309261
0.679753595	0.757577805
0.710026253	0.768756278
0.61509699	0.103238623
0.641597609	0.295051494
0.616031122	0.196211841
0.638116937	0.302758839
0.668204179	0.5132637
0.600730719	0.107497748
0.597556798	0.118373472
0.615440523	0.131290907
0.614276444	0.293947935
0.64238438	0.307101688
0.613512806	0.102000014
0.617670248	0.120759114
0.623221371	0.185539636
0.695387237	0.734187984
0.698191831	0.746681767
0.613585676	0.099495181
0.61809151	0.110255514
0.601342485	0.144336796
0.646969562	0.253986095
0.659666055	0.286168898
0.598269427	0.107931545
0.593304161	0.163495484
0.584039643	0.211157796
0.607868108	0.254714888
0.605042694	0.302383971
0.609624753	0.112448436
0.614599966	0.144834808
0.614417211	0.124058892
0.614141922	0.130294028
0.636363416	0.256951458
0.61425412	0.109070497
0.61417616	0.144666077
0.626486091	0.197206001
0.61657823	0.143823833
0.639482741	0.299387194
0.579765261	0.109786048
0.580505302	0.14031769
0.60017482	0.202527856
0.595330196	0.271231879
0.606091453	0.250130963
0.614441964	0.091413622
0.616618714	0.122392427
0.612755761	0.162023349
0.622088522	0.143891647
0.627188309	0.179455007
0.614291133	0.096739378
0.628238456	0.240094765
0.634347328	0.198609666
0.639762773	0.263258713
0.68812192	0.380931624
0.599453517	0.103875989
0.601901738	0.14601109
0.591146727	0.192548094
0.608787897	0.201869974
0.608920799	0.177328943
0.614970565	0.098577419
0.618389933	0.142566847
0.617080459	0.242200086
0.636075403	0.382769564
0.642211688	0.267600303
0.615017758	0.08789658
0.629063167	0.239815804
0.656764994	0.364861141
0.68891274	0.536949297
0.706749272	0.477216728
0.604800948	0.111827986
0.607141946	0.133973835
0.613870566	0.131023047
0.605805059	0.148333725
0.600284473	0.166050032
0.615304613	0.102235477
0.622076261	0.121406071
0.64241214	0.350854294
0.628021117	0.241158929
0.676346257	0.351786228
0.614141691	0.112880797
0.613034288	0.135143069
0.612721176	0.137986472
0.614983404	0.128633806
0.63136183	0.18798622
0.59527641	0.106076035
0.596859785	0.139415108
0.585288854	0.243017863
0.594362057	0.23624147
0.60675446	0.253769361
0.61167288	0.103219593
0.611183027	0.122687926
0.603988267	0.124297074
0.609954174	0.20898539
0.637258221	0.324435273
0.612415004	0.102475597
0.605423819	0.14924245
0.618265474	0.119071277
0.645284631	0.323273062
0.670418058	0.371620593
0.584613008	0.105095468
0.600313621	0.13244471
0.594432152	0.193521462
0.592822405	0.234841253
0.600047007	0.202101812
0.614203457	0.107100351
0.617950743	0.127182993
0.635166024	0.340133204
0.672136764	0.448707892
0.66511724	0.437480384
0.612411881	0.109655278
0.615166391	0.125010159
0.617384087	0.160188531
0.637558147	0.278667967
0.651144124	0.331313741
0.608166068	0.109345883
0.600380477	0.144560076
0.611948979	0.124658198
0.609385668	0.156597457
0.610085457	0.171627991
0.614934824	0.098972979
0.631773607	0.23532104
0.631362408	0.260993798
0.632795531	0.269104909
0.664479218	0.349840852
0.61445168	0.098030649
0.641598187	0.294411158
0.656542449	0.393191907
0.637515118	0.277444385
0.650044703	0.324355326
0.583222683	0.106249926
0.596972908	0.144040819
0.612340051	0.120450752
0.598004895	0.212340095
0.617232909	0.208549378
0.614644382	0.102547942
0.631080642	0.266880724
0.656886676	0.383526801
0.652702052	0.342013837
0.680684605	0.679520612
0.612395225	0.102180072
0.614330113	0.14038913
0.603913777	0.135648657
0.644046178	0.179867079
0.612235719	0.195454226
0.605224061	0.100974841
0.601439299	0.162189387
0.59128495	0.19018765
0.588277822	0.209657142
0.601756344	0.180814016
0.587690346	0.104778899
0.626552484	0.214136097
0.600951181	0.154691778
0.679810735	0.428460044
0.652329023	0.335361065
0.613945403	0.099293348
0.616065938	0.185829069
0.616777988	0.171793953
0.642056231	0.348427571
0.631743765	0.317169805
0.60265994	0.108198196
0.594768282	0.132423138
0.577383316	0.134313512
0.600793064	0.170242476
0.597245074	0.180156839
0.614164593	0.083958555
0.626404777	0.20421091
0.615843162	0.186044948
0.672001549	0.440632576
0.62303237	0.240735076
0.614531606	0.09392281
0.624829961	0.216582984
0.624466418	0.205651125
0.653524911	0.300789348
0.705342175	0.526565317
0.613524257	0.102879463
0.613894046	0.136283179
0.603419761	0.134774998
0.646309447	0.257288819
0.629373272	0.279242955
0.615405938	0.102780108
0.580829981	0.161928626
0.632019748	0.281824086
0.675130706	0.573960323
0.664741089	0.315633934
0.614780986	0.098290932
0.641538965	0.289793779
0.619890489	0.185682314
0.671992179	0.539295921
0.708870848	0.776458337
0.614631081	0.115427694
0.628959528	0.245700439
0.61598046	0.120343467
0.628242273	0.215947329
0.642575232	0.241786201
0.614210513	0.103413975
0.588003343	0.200412642
0.653958549	0.379783258
0.679738559	0.769082613
0.710992193	0.762340832
0.612639515	0.103002456
0.61812436	0.132263217
0.613536402	0.1652132
0.61913356	0.164476932
0.668534989	0.336033471
0.605787594	0.106581346
0.589100914	0.157268151
0.575788491	0.163466661
0.589982301	0.172869294
0.606162819	0.182574701
0.590508126	0.109042228
0.599862402	0.120025539
0.633795593	0.322531432
0.618473792	0.218970689
0.617222615	0.203925253
0.578483894	0.111214055
0.624939961	0.232042658
0.639678914	0.274144531
0.593617736	0.2532714
0.655834332	0.248932025
0.596666041	0.108515369
0.592186811	0.125214081
0.613870334	0.115132018
0.59476539	0.183743684
0.61329882	0.297764981
0.614322479	0.113725987
0.607116268	0.118640149
0.645337838	0.306732861
0.635810061	0.307879768
0.657910798	0.272245825
0.614508473	0.09330387
0.625998667	0.205383039
0.64006212	0.258258612
0.647615797	0.468615812
0.662040018	0.528423143
0.613595508	0.098196409
0.586322808	0.13303659
0.607907551	0.142235452
0.647027049	0.276397967
0.606509822	0.248905594
0.615035223	0.105388928
0.628694649	0.256496139
0.651823787	0.382820815
0.656412439	0.418061212
0.679749084	0.421736689
0.61278248	0.109642163
0.618086768	0.132767899
0.621353223	0.166855726
0.679040389	0.775496448
0.709047588	0.767707292
0.612225193	0.096745395
0.615584992	0.086030497
0.643605021	0.280925078
0.619958618	0.159648683
0.690332213	0.414828317
0.615094792	0.108402546
0.617998282	0.106652055
0.621272949	0.222472829
0.68007573	0.742506667
0.709971773	0.775854601
0.605404849	0.110773966
0.615057547	0.134579257
0.604930843	0.243197116
0.668904315	0.498208824
0.653860579	0.413015096
0.609812366	0.107288289
0.605880937	0.14251839
0.606451295	0.182582228
0.597470857	0.183159608
0.61592598	0.221354292
0.610160294	0.109518339
0.610328012	0.133743104
0.613324961	0.123566595
0.613263426	0.120320384
0.62585709	0.238131491
0.61344167	0.105795085
0.602597942	0.141479524
0.596483981	0.139495156
0.637677632	0.232928702
0.616077852	0.181323506
0.61125104	0.106538654
0.60989368	0.13285565
0.584792177	0.214520682
0.602554335	0.180822021
0.615781743	0.255010764
0.608098402	0.10710896
0.614789892	0.134170532
0.637045392	0.189783532
0.603105492	0.152491431
0.664113592	0.347656438
0.600970845	0.108017635
0.615807999	0.139826224
0.616387263	0.127869092
0.646777785	0.253200816
0.621199963	0.271123185
0.613502743	0.108905945
0.618054381	0.163935397
0.610783164	0.147028308
0.606812293	0.125574726
0.615863404	0.183974994
0.614887169	0.101531857
0.617231637	0.14665928
0.641773192	0.273543816
0.665650121	0.446936307
0.683313962	0.405267827
0.615038693	0.092344347
0.627439077	0.215335715
0.631775805	0.39145224
0.669531581	0.37641282
0.689224348	0.403399076
0.61408351	0.106832894
0.614906138	0.141450324
0.615528777	0.140858067
0.61437638	0.102142439
0.63926679	0.178151805
0.615040891	0.088849608
0.634068106	0.313365143
0.622924568	0.347096755
0.66959543	0.371895678
0.663809502	0.346829323
0.614180671	0.107215993
0.608203544	0.13680226
0.614638252	0.118048043
0.612779704	0.128223243
0.636981891	0.224747259
0.594625317	0.107671262
0.57038496	0.145628822
0.6027128	0.131210808
0.594400806	0.238369169
0.617872551	0.280684983
0.604725533	0.105586129
0.594996957	0.14031686
0.610901492	0.206532211
0.621358775	0.180632774
0.618603108	0.260940584
0.613752238	0.098153062
0.620484211	0.213638942
0.616808177	0.26356194
0.648111318	0.325211239
0.667895462	0.385883394
0.613355729	0.108920469
0.600002128	0.132567451
0.5895888	0.189675467
0.595640995	0.200665549
0.608158202	0.22040149
0.614106296	0.089420721
0.62985283	0.2211474
0.615847673	0.187496566
0.651906027	0.335944814
0.613085298	0.313733617
0.614351049	0.108414604
0.611564615	0.128929456
0.618715884	0.296127515
0.571877882	0.36073115
0.639126947	0.330222919
0.606583965	0.106004268
0.611605214	0.129305054
0.610171398	0.116611402
0.600302055	0.120783279
0.650801748	0.233377426
0.614340176	0.105795664
0.618863013	0.235477411
0.641854044	0.3503661
0.649912263	0.326499966
0.667204926	0.492178214
0.615681574	0.104905743
0.618066526	0.15359859
0.645394053	0.363866326
0.649943725	0.314299443
0.674785322	0.41009162
0.609121367	0.111546155
0.614583426	0.125098766
0.614334624	0.128280989
0.605951148	0.174362347
0.622255893	0.233888829
0.608370337	0.102035381
0.611273942	0.178663233
0.643504622	0.333508122
0.650916721	0.376663084
0.680158895	0.508419568
0.605343314	0.108956063
0.61203492	0.132069515
0.595110658	0.144546055
0.605074849	0.179536666
0.622727933	0.156681155
0.611298926	0.110860332
0.601400088	0.120379136
0.589603374	0.150563751
0.598202802	0.215263923
0.62409686	0.28363494
0.613217275	0.102158525
0.611979631	0.118127613
0.617869775	0.270063576
0.61372228	0.280707336
0.65843963	0.332403657
0.612969515	0.106083637
0.626973283	0.25821592
0.634423206	0.335424147
0.566423458	0.220300272
0.655079253	0.318380699
0.61340003	0.107245974
0.611414941	0.130091843
0.584772167	0.147281014
0.582810906	0.235346892
0.602930024	0.204236661
0.614180439	0.090792769
0.615181427	0.156605286
0.625728005	0.289065842
0.667811256	0.358178112
0.688992203	0.364292143
0.61439535	0.112985565
0.624503084	0.198809787
0.630275364	0.263670584
0.630646657	0.272213403
0.666750468	0.465651456
0.61426291	0.118306967
0.604040433	0.130575355
0.606042756	0.150449619
0.618288723	0.220156915
0.610742102	0.273975272
0.613618526	0.100961122
0.627257941	0.263155909
0.647859856	0.335540494
0.660839041	0.339321796
0.677890305	0.335878308
0.614483142	0.103478164
0.630098739	0.25280289
0.629466615	0.310387194
0.667425273	0.378273667
0.689768912	0.622169758
0.603576722	0.108155051
0.617954791	0.15685336
0.612226118	0.177314393
0.628520685	0.288802438
0.641475579	0.28798529
0.614548378	0.110311397
0.621961866	0.115484231
0.636723489	0.313093482
0.64840014	0.278549606
0.649231212	0.580952771
0.613660745	0.106299943
0.602748426	0.133260171
0.620647187	0.165667235
0.631729075	0.282030752
0.618191447	0.281498959
0.604827205	0.107916668
0.581416185	0.149322599
0.581163683	0.214412113
0.583937393	0.257470967
0.593225507	0.250637105
0.613071418	0.103609237
0.56010222	0.114410828
0.625130235	0.304625577
0.64137784	0.234695505
0.686986642	0.400368315
0.614001733	0.102208114
0.61995295	0.144228051
0.651001506	0.478612086
0.650141632	0.305034075
0.686206695	0.44790897
0.592511375	0.10713081
0.610641703	0.121049679
0.602324619	0.125725131
0.644144611	0.324119107
0.589911513	0.265120365
0.611819662	0.105607274
0.607489181	0.142373523
0.617794013	0.098230593
0.660104898	0.363982623
0.632881125	0.279862398
0.614277485	0.097266112
0.603627384	0.141845733
0.617428734	0.208927368
0.654748791	0.380643249
0.708833256	0.76690409
0.591979535	0.109634108
0.606570779	0.121100301
0.64307295	0.231872039
0.585208465	0.210523904
0.626252442	0.200664064
0.61497577	0.09925194
0.627450875	0.19676639
0.634381913	0.343003365
0.64386724	0.44854553
0.685059503	0.590960575
0.614303163	0.094971015
0.641573087	0.284830379
0.651962241	0.374663437
0.67914981	0.769707695
0.709487357	0.76271429
0.609456919	0.102497119
0.605864397	0.119628519
0.590767106	0.205052726
0.588927759	0.236060278
0.594212962	0.240361894
0.617063687	0.103871005
0.609412965	0.167613744
0.618847283	0.150462935
0.693671076	0.71691879
0.702119327	0.723082915
0.610677444	0.103167738
0.604042863	0.134053556
0.62183521	0.243852606
0.62879262	0.173352504
0.689974222	0.403241749
0.585370516	0.111077243
0.595054444	0.141573417
0.586896288	0.179219468
0.599776576	0.209187097
0.610090431	0.281125903
0.609378265	0.111091868
0.605792914	0.138476503
0.60348812	0.134305985
0.615172174	0.131007818
0.615939166	0.251987002
0.611813995	0.102483022
0.614364582	0.146492714
0.618019565	0.093167108
0.622797218	0.236478418
0.645182728	0.328469105
0.606878224	0.108703533
0.592223246	0.136175542
0.617515022	0.161979902
0.591046328	0.198219116
0.610831629	0.146753702
0.614515644	0.103364913
0.60522996	0.117600578
0.616199303	0.11039799
0.642624044	0.206387318
0.609370515	0.262643247
0.614595224	0.093527905
0.617016032	0.144126758
0.618188324	0.105034978
0.647421013	0.276045553
0.670991307	0.385979754
0.614059104	0.104106518
0.613881901	0.129074223
0.604682505	0.15396286
0.608659506	0.129622831
0.616355107	0.190288264
0.614961774	0.102336242
0.611699368	0.145670029
0.60572895	0.203465177
0.660670397	0.349609316
0.669646439	0.394172323
0.614791396	0.083510334
0.617325559	0.156104178
0.640913666	0.338047568
0.65263936	0.355155709
0.675579612	0.320720628
0.613972238	0.105262185
0.608634869	0.141224628
0.614433867	0.140986119
0.616267315	0.125315374
0.624512916	0.229508222
0.608456162	0.105267949
0.617504728	0.155814796
0.635487927	0.257794936
0.592486622	0.356987355
0.682445645	0.32198227
0.582785806	0.102620439
0.587823364	0.138571403
0.606770769	0.13686003
0.598524937	0.138202678
0.608688192	0.17748033
0.603613157	0.380065088
0.673136364	0.447002259
0.743856847	0.478843773
0.815189096	0.579762115
0.840782996	0.618541102
0.723452377	0.394110701
0.718252653	0.420147906
0.723241515	0.387472076
0.928408308	0.818202787
1	0.853845439
0.715912811	0.734194831
0.817078412	0.796011476
0.867641606	0.913046064
0.949975701	0.942914967
0.993152127	0.843638723
0.701035636	0.570153949
0.830290666	0.804747317
0.876177649	1
0.945709762	0.955425363
0.989093233	0.865932637
0.737640867	0.706361472
0.81872737	0.813136181
0.899772349	0.98783648
0.928863576	0.997222273
0.985872583	0.878212353
0.633987717	0.297809537
0.668796051	0.447401997
0.735653927	0.483600306
0.776942542	0.568130841
0.860175258	0.65781085
0.618814086	0.347578354
0.647158679	0.446634942
0.684433509	0.47004908
0.775551522	0.574132553
0.803770384	0.570972808
0.672327731	0.382070475
0.727460493	0.386204795
0.888458894	0.896928861
0.880470654	0.776499116
0.986679249	0.889748878
0.692476345	0.508592351
0.766163819	0.597365348
0.887226224	0.873764888
0.950480128	0.921231636
0.991568753	0.852083772
0.727207412	0.593215018
0.782933548	0.796596081
0.8560679	0.85211992
0.901539057	0.892901977
0.970121307	0.984917887
0.760803664	0.727237675
0.786278773	0.785457179
0.866121964	0.886451491
0.912374572	0.946439711
0.969143106	0.951251371
0.644197934	0.374508979
0.69511056	0.503234701
0.708662762	0.40478361
0.810607269	0.679891956
0.844865255	0.590629104
0.622783569	0.261280865
0.641395769	0.363416596
0.673672368	0.417515071
0.802416494	0.573050239
0.867110113	0.649773393
0.655438749	0.318111858
0.750247948	0.551644509
0.854120403	0.763537328
0.870579334	0.693338062
0.994667374	0.927584755
0.739900319	0.756089007
0.81311691	0.767103355
0.886962155	0.882685494
0.95069365	0.923896591
0.991974168	0.858450685
0.74222975	0.747448721
0.786334178	0.689823588
0.875845567	0.87449368
0.920733065	0.938821527
0.98880603	0.857541357
0.735542192	0.727715045
0.816869169	0.749653322
0.889074131	0.874307706
0.948025082	0.92963812
0.985448661	0.879783214
0.636893752	0.341012729
0.723398591	0.426643602
0.742309676	0.511168548
0.825186831	0.563482449
0.857174839	0.6420372
0.605338456	0.252361769
0.641579565	0.319197545
0.654026793	0.359181888
0.695795081	0.427091923
0.833868614	0.637722696
0.637131102	0.326483202
0.675029844	0.239331637
0.692925482	0.273586509
0.874955504	0.670059352
0.997033471	0.862579669
0.74122749	0.747073853
0.814989916	0.757874739
0.888738926	0.892256355
0.949856216	0.92319428
0.991326776	0.848998639
0.761568574	0.716740972
0.783454862	0.789463825
0.855359782	0.839813017
0.949372494	0.91288627
0.987120752	0.842467098
0.715323022	0.675621705
0.821319251	0.759842518
0.893063046	0.892208829
0.948296322	0.92228918
0.9855811	0.865112519
0.641085548	0.282914656
0.662525244	0.243709224
0.783794116	0.532989069
0.959461838	0.986581181
0.932551987	0.851380656
0.241472676	0.243450325
0.318810564	0.305125803
0.406827469	0.328399327
0.478712552	0.407169856
0.564931692	0.425994656
0.257277969	0.24319699
0.324024284	0.304022747
0.416784951	0.331529217
0.498124131	0.411432405
0.559249749	0.415133709
0.250052556	0.253285295
0.33656769	0.30191516
0.421154876	0.368223674
0.496709747	0.374826705
0.545947621	0.396003668
0.236877547	0.205132775
0.325399168	0.27252398
0.402434758	0.359319229
0.476627989	0.366384023
0.532429541	0.416931574
0.249162262	0.21550943
0.329877241	0.294792319
0.405552754	0.338275428
0.501282205	0.397166281
0.583564018	0.434379442
0.258872968	0.214058315
0.341584255	0.304721131
0.423216768	0.355558367
0.51780163	0.399245776
0.573221478	0.450218842
0.244702753	0.258567881
0.320536326	0.279949294
0.406240629	0.333002358
0.475536665	0.375367258
0.564264521	0.453474342
0.254878096	0.252456568
0.338582448	0.30479403
0.438500052	0.352852532
0.490403545	0.389643249
0.570043856	0.453632778
0.247709766	0.263357842
0.36081678	0.32984065
0.429544425	0.364687652
0.495787991	0.413735581
0.570849944	0.452552025
0.235342752	0.244907507
0.316437931	0.282475297
0.400837503	0.349917124
0.480567283	0.400875892
0.552465147	0.421817039
0.277307907	0.319016505
0.32778944	0.320835414
0.397232894	0.358111606
0.475004998	0.406540092
0.556044251	0.464628398
0.229349259	0.21003284
0.313199294	0.286644707
0.422675269	0.339345257
0.495770525	0.369499866
0.584360621	0.435844478
0.252169795	0.23834153
0.309823823	0.284834457
0.405137449	0.334532389
0.483043034	0.382121525
0.554399457	0.432604333
0.244891697	0.275518241
0.331429154	0.28992971
0.425836987	0.327993849
0.492387015	0.386399781
0.571591952	0.4387237
0.246060692	0.237461653
0.351294382	0.296459237
0.398855075	0.349101084
0.504122772	0.408452643
0.531954494	0.420510238
0.234736538	0.252484812
0.333707113	0.282951207
0.389184102	0.33497205
0.484035231	0.38858651
0.561329685	0.443724959
0.247896338	0.253711313
0.33265928	0.286025667
0.411575338	0.346032061
0.489784029	0.423996116
0.569039629	0.44824195
0.266642596	0.258235605
0.340449439	0.331421277
0.430232937	0.342396055
0.490236753	0.414196036
0.573130101	0.454634993
0.238512162	0.249758083
0.320677787	0.30193711
0.391402781	0.343313942
0.4797915	0.41733544
0.547171501	0.419184909
0.241875951	0.271287963
0.350555902	0.316238727
0.406789067	0.356027984
0.511483977	0.409678692
0.552514421	0.464426515
0.268033558	0.277617521
0.34399795	0.323678288
0.417346229	0.356648988
0.502009986	0.456275782
0.54046613	0.48231047
0.234389362	0.231652057
0.318152646	0.315899151
0.406673458	0.335058492
0.498709872	0.393804101
0.57749482	0.429769917
0.245397916	0.277356281
0.326267253	0.309534855
0.385228962	0.359478016
0.484221687	0.425912493
0.485059584	0.464973663
0.237611632	0.21980357
0.326754851	0.306259066
0.410355101	0.34876901
0.498556034	0.392599298
0.57692481	0.440817241
0.2538693	0.269781746
0.31701251	0.319638213
0.406473873	0.348588825
0.490264282	0.394482649
0.575959332	0.425194072
0.248995238	0.258480532
0.324148685	0.297831084
0.414912928	0.320862902
0.495347528	0.376564559
0.568586328	0.44243316
0.252105658	0.246971621
0.317633761	0.289134311
0.402326435	0.325721081
0.489570391	0.402007242
0.579513221	0.454230271
0.2333081	0.253819303
0.315324051	0.302636803
0.392006971	0.376074452
0.491947362	0.374869649
0.538766857	0.456439202
0.241175989	0.296510488
0.331502777	0.313778021
0.411840274	0.35042163
0.498042585	0.402210988
0.530290036	0.438609569
0.257214698	0.2747458
0.296552635	0.350774094
0.406778657	0.355470918
0.495554805	0.417565114
0.565885025	0.434615711
0.230203927	0.250788945
0.331780668	0.303884752
0.38641363	0.350290482
0.49350367	0.396619083
0.5639447	0.433607454
0.247531811	0.234768807
0.361126423	0.328513459
0.405849152	0.378152587
0.490656858	0.426487784
0.542120988	0.483732008
0.259977999	0.283405317
0.318778293	0.346610776
0.42404651	0.380418006
0.503450164	0.449948943
0.490541074	0.45480682
0.237518114	0.273887873
0.317227999	0.268757026
0.4014602	0.332647225
0.507913317	0.394886867
0.556967511	0.429992542
0.230205662	0.301892304
0.30319861	0.310884349
0.37899673	0.418294107
0.426260331	0.475078733
0.530788564	0.485760402
0.258020844	0.241162705
0.32544503	0.295680754
0.426554184	0.344453146
0.48050355	0.374999338
0.577195009	0.440817191
0.231853001	0.201488738
0.318700275	0.26690358
0.403322334	0.31552388
0.479659407	0.381377327
0.554842002	0.424271201
0.236230328	0.236587314
0.343733534	0.268223572
0.419902658	0.316982874
0.511145418	0.39334128
0.582377962	0.43277762
0.251633097	0.215451433
0.324893122	0.267040116
0.415718206	0.342606597
0.504512109	0.388522522
0.572443497	0.448582231
0.243826918	0.214073695
0.328606459	0.267184203
0.408505402	0.31888007
0.471529301	0.357514164
0.552658312	0.414570903
0.255851555	0.2221912
0.338192416	0.27436343
0.423594249	0.351726368
0.500853772	0.391848555
0.577442654	0.457975576
0.249072215	0.236276535
0.355934853	0.279696361
0.428252764	0.343182643
0.494812797	0.372286001
0.585095342	0.474733015
0.226762236	0.194330277
0.332025826	0.273440458
0.390265074	0.343211239
0.473302023	0.378499413
0.568550239	0.423786581
0.276065347	0.322869145
0.3248435	0.339533446
0.421834655	0.364758286
0.489954061	0.409991031
0.55685832	0.459116642
0.252751199	0.26231963
0.364472977	0.320719067
0.417153815	0.350693442
0.421321379	0.432745399
0.572984938	0.442944312
0.240559596	0.196834229
0.330223897	0.265704416
0.411562209	0.318446802
0.47640718	0.376903632
0.583247783	0.414254788
0.240808108	0.302087491
0.350575103	0.328419817
0.42071291	0.365395501
0.510510171	0.421720981
0.554641897	0.418165275
0.242400967	0.232106973
0.326687069	0.270200615
0.399526815	0.364911586
0.499077348	0.366189037
0.582784302	0.428411612
0.239476541	0.243782551
0.319127262	0.256251614
0.39031776	0.349598945
0.481534727	0.379284239
0.56106018	0.414830733
0.251243991	0.234501979
0.33498073	0.294641385
0.41659115	0.329457928
0.512467847	0.370184204
0.584676857	0.416094691
0.255617791	0.256893713
0.342425101	0.274370881
0.4309879	0.325952265
0.507300625	0.355399327
0.587037981	0.469629455
0.237775938	0.235606696
0.314531323	0.303805106
0.382957711	0.331869347
0.478003856	0.373728684
0.558156459	0.416585151
0.254287381	0.259065942
0.311916713	0.277906702
0.415532444	0.363360008
0.49008037	0.364543062
0.576557334	0.447981919
0.250121147	0.243767624
0.350842121	0.289941541
0.370014673	0.398415136
0.475279709	0.420056933
0.564270651	0.431572011
0.230410799	0.235743609
0.327631496	0.278824187
0.421072405	0.347340524
0.48270806	0.372639271
0.564482323	0.436083515
0.16470636	0.266093934
0.335047181	0.325518795
0.432807236	0.33588002
0.498217475	0.438197949
0.537807278	0.511202531
0.243296292	0.241452163
0.339429077	0.319520708
0.399388477	0.36789744
0.502851353	0.434356837
0.560998413	0.457189642
0.246135876	0.214411987
0.332906577	0.306338007
0.404557665	0.331277241
0.48586625	0.356179471
0.569521385	0.42462442
0.259151322	0.300068511
0.320375952	0.327283685
0.403852207	0.402651103
0.440498269	0.442132048
0.56152632	0.454297129
0.24003325	0.268446701
0.333714805	0.282576087
0.42149731	0.339018821
0.483049627	0.386805107
0.577415703	0.419617019
0.242525946	0.274003465
0.308702078	0.278361266
0.402280226	0.334235354
0.470509806	0.367206104
0.556979078	0.423722139
0.239285169	0.229703031
0.328641101	0.305155355
0.403423485	0.349849612
0.48813403	0.382105465
0.549925316	0.4260595
0.252137061	0.247707915
0.325440519	0.299475146
0.402941614	0.339301306
0.476082732	0.386032666
0.576671845	0.449042988
0.243597144	0.23944514
0.319586231	0.314225989
0.378735032	0.357385432
0.472943106	0.390303572
0.549047167	0.440529571
0.252256315	0.263301154
0.320078918	0.342886514
0.410295243	0.374068511
0.47481299	0.442569544
0.554453705	0.416526499
0.266438096	0.275156614
0.327613047	0.335417753
0.427699063	0.393291539
0.479342131	0.404678843
0.578192412	0.430311325
0.229397377	0.246589479
0.319366752	0.287555396
0.404252649	0.344857113
0.487069078	0.382380851
0.554566366	0.446163765
0.255737044	0.259743987
0.335586655	0.314470112
0.376836694	0.390483102
0.449938659	0.359052804
0.56467757	0.504210335
0.26755666	0.264397816
0.343749611	0.314420874
0.404462412	0.32648441
0.523999103	0.468564057
0.535732778	0.446336246
0.24356175	0.252073444
0.328114871	0.310761759
0.414413128	0.327179572
0.486567196	0.384495688
0.560827803	0.422293503
0.25067028	0.279320537
0.27497356	0.325430994
0.413620053	0.401516682
0.474418216	0.482909473
0.530956976	0.509174942
0.252802324	0.257825042
0.325870745	0.309708344
0.40022805	0.347030551
0.495092134	0.367782905
0.561898539	0.446554391
0.230651503	0.236768656
0.31009703	0.267162202
0.385166732	0.369703461
0.467370759	0.389417502
0.537137099	0.402613596
0.251672829	0.23760506
0.3183317	0.288925783
0.416444368	0.347570147
0.493888496	0.410003013
0.579525713	0.460718112
0.240601872	0.270560984
0.34875166	0.336645665
0.428822485	0.331862097
0.496919915	0.4165631
0.533554293	0.461106422
0.237824923	0.235130509
0.298149138	0.273591694
0.414109153	0.342757934
0.475049068	0.379002912
0.520183921	0.418432254
0.246196948	0.248840322
0.325798048	0.293399679
0.381961581	0.370553584
0.471103701	0.415297883
0.536935722	0.439154652
0.224411985	0.258900207
0.326294435	0.335990023
0.423173219	0.381398321
0.504177714	0.446488942
0.591881796	0.49501988
0.235163063	0.256187274
0.323524484	0.282604431
0.39883119	0.33684065
0.474607275	0.393241547
0.561876331	0.420971951
0.257249225	0.257593255
0.342194807	0.34155298
0.428566571	0.381422033
0.472307166	0.412558418
0.556316417	0.500955791
0.249366127	0.295210282
0.349160545	0.33513698
0.420112652	0.398724455
0.480386957	0.451553082
0.597282897	0.511163464
0.229712629	0.242569592
0.329778519	0.314240589
0.398704129	0.336920195
0.494936099	0.417739206
0.550424885	0.426231781
0.226020517	0.29418526
0.30456424	0.366491408
0.347604641	0.388152839
0.41469848	0.486082962
0.534402137	0.605257056
0.246178037	0.258106319
0.337721475	0.268749424
0.389641336	0.342453901
0.500046065	0.386319783
0.567821302	0.439921052
0.248744529	0.223007617
0.322921566	0.274977537
0.416459115	0.333968677
0.491902945	0.367076063
0.559531053	0.416130084
0.242333706	0.226290052
0.353001232	0.265257102
0.425372466	0.336913147
0.489664892	0.354794283
0.56987313	0.436762164
0.249341143	0.233534955
0.332070127	0.263756322
0.426459279	0.325000193
0.502317546	0.395686193
0.580448278	0.444583238
0.244100241	0.211200916
0.315751096	0.265134965
0.404623826	0.29890635
0.482816556	0.391510389
0.562121431	0.421369776
0.258774824	0.244179369
0.339506227	0.299865268
0.426701603	0.351417703
0.493407319	0.398004272
0.581789213	0.484898901
0.266438096	0.275156614
0.348006413	0.303451434
0.445721068	0.349562998
0.493389506	0.341725562
0.539881083	0.360016958
0.237897446	0.23230133
0.318094581	0.263908061
0.410174139	0.296986901
0.4807505	0.352390869
0.567793542	0.431444035
0.261113046	0.264262036
0.324883868	0.338052753
0.415917502	0.344670736
0.524436558	0.385871462
0.561721799	0.467008602
0.278759594	0.247749676
0.356721798	0.271064936
0.411068713	0.371217633
0.515947361	0.417770118
0.57684338	0.484618077
0.252039958	0.219066823
0.321399033	0.26626853
0.403250099	0.317891196
0.489675302	0.37192528
0.556128458	0.400478369
0.245870129	0.294221609
0.339667121	0.342289777
0.403349516	0.323043238
0.524171911	0.422539941
0.505997282	0.558108437
0.231715068	0.212853562
0.32080959	0.270683624
0.40592902	0.337093683
0.487841622	0.389720629
0.581412946	0.432272459
0.255555677	0.220430892
0.325046034	0.279010966
0.392473921	0.346756524
0.475133389	0.39809741
0.560161673	0.421852482
0.239354628	0.221347294
0.326703436	0.289885457
0.424280621	0.331580115
0.488711559	0.381766493
0.580916038	0.421051596
0.247508967	0.24557138
0.33391011	0.266469708
0.407649693	0.327227802
0.504764611	0.392418308
0.588834184	0.447395452
0.238168282	0.240751262
0.325629635	0.280504648
0.396397426	0.351294258
0.475816349	0.389871462
0.550267461	0.432065441
0.245646312	0.245975548
0.350551391	0.28994285
0.421632525	0.34350772
0.530656471	0.407954581
0.601764904	0.473938673
0.252465962	0.294033823
0.321271914	0.323952768
0.407171696	0.328707689
0.500666506	0.419781899
0.556947847	0.476507973
0.240030242	0.241082808
0.308792703	0.279775956
0.40086376	0.345053458
0.475072664	0.390940535
0.575475725	0.413085176
0.279862427	0.228663309
0.355268145	0.315207412
0.43516142	0.402852079
0.490492147	0.437065894
0.539886635	0.398731302
0.251238208	0.255161749
0.334122534	0.288008801
0.395236701	0.349972957
0.464166938	0.419117951
0.536568593	0.483692386
0.248199503	0.239914203
0.32103682	0.296489243
0.42306611	0.322170358
0.488287405	0.38945214
0.56747534	0.416094087
0.250292162	0.272804854
0.353112157	0.290995259
0.382388279	0.335808027
0.493038223	0.412441869
0.561399664	0.486172676
0.243532544	0.249648483
0.335802491	0.294049228
0.416771245	0.329400737
0.509450656	0.391524737
0.57616441	0.422682669
0.242259852	0.225662604
0.310451667	0.28189769
0.391858974	0.327026221
0.470226941	0.380497953
0.537993734	0.410017664
0.245315908	0.245751816
0.331873492	0.314521312
0.424497845	0.337006436
0.485318101	0.360097611
0.558501148	0.419249401
0.256483621	0.250585803
0.320717288	0.309888931
0.421760916	0.352450025
0.506256493	0.384733668
0.550105411	0.426436583
0.240576483	0.233217379
0.306883782	0.310552728
0.392968112	0.32691214
0.482919963	0.370510539
0.547816463	0.414556605
0.255717323	0.243140025
0.300852291	0.268533445
0.428222344	0.34341574
0.480645474	0.342064081
0.554287491	0.435729289
0.234846712	0.220884524
0.302420514	0.306121222
0.418661717	0.375144029
0.505074832	0.418965154
0.532182012	0.398544019
0.238857025	0.258734522
0.31792721	0.269955083
0.386672321	0.34998806
0.478619092	0.396964852
0.5522544	0.388109845
0.269603457	0.273599699
0.331602887	0.348025164
0.426407865	0.372639624
0.488942894	0.405381355
0.549575769	0.453544674
0.234005229	0.280367559
0.303164719	0.282126608
0.425454474	0.359043137
0.491024218	0.405055422
0.601009478	0.490847851
0.236650722	0.244287057
0.319629954	0.308287309
0.417995356	0.335599196
0.507424389	0.385145036
0.56224265	0.439020483
0.252560289	0.298487027
0.343333844	0.34082313
0.396880223	0.403906301
0.510637406	0.47393082
0.508333884	0.585442325
0.239684859	0.251900006
0.340736874	0.295088447
0.414557539	0.355826503
0.487456102	0.392259017
0.568023605	0.428188685
0.217666189	0.270309159
0.317764119	0.315928703
0.373204845	0.330547593
0.4578254	0.382496242
0.528485274	0.416317216
0.239441552	0.232040845
0.308786862	0.295671944
0.381765987	0.360652814
0.468299512	0.364845433
0.500664308	0.384113218
0.257112159	0.23269699
0.334502444	0.276528159
0.398457005	0.358114174
0.480879817	0.371727224
0.529011793	0.425446652
0.218427802	0.268778373
0.303506633	0.279660818
0.385550286	0.322638465
0.475716875	0.362133658
0.529665893	0.409743133
0.235730181	0.237013005
0.329230196	0.317710357
0.433480017	0.38204198
0.483170152	0.41113688
0.565386729	0.496611382
0.244491544	0.269723446
0.31630046	0.328591795
0.382744941	0.347657043
0.451423311	0.399310822
0.554712454	0.433001755
0.235194582	0.223728657
0.327389577	0.291595873
0.407460229	0.363352607
0.490892241	0.388131694
0.538755984	0.42626093
0.249021668	0.245564658
0.341727451	0.328002458
0.380764999	0.412350594
0.499377621	0.448435124
0.557029277	0.454484009
0.258950234	0.288600505
0.36002758	0.357009155
0.422463193	0.3552201
0.490749854	0.452039564
0.495164658	0.512257105
0.235918373	0.245485542
0.324440167	0.300132398
0.429624756	0.313295163
0.479087546	0.368547794
0.536840296	0.395217986
0.249394234	0.295739205
0.340258819	0.381137434
0.29116258	0.412247186
0.484402938	0.431277846
0.490194071	0.528508376
0.259294692	0.242844022
0.316604839	0.286933586
0.394622969	0.336985392
0.493025616	0.371671593
0.531367365	0.418005933
0.240262966	0.227285546
0.319526894	0.258127816
0.389018003	0.316296523
0.492073439	0.360877302
0.553870046	0.4184901
0.244873652	0.231059649
0.320240505	0.293847043
0.413875967	0.341704165
0.503012362	0.365770319
0.583502946	0.429589531
0.250722619	0.224247611
0.347313621	0.288746102
0.425459564	0.322913549
0.500376759	0.395283333
0.578581749	0.456013989
0.238067247	0.217240966
0.332749096	0.25622327
0.403885404	0.313619132
0.493858886	0.364232988
0.554815167	0.416614552
0.250826026	0.242006812
0.348370824	0.300818045
0.416069489	0.350073546
0.516662534	0.38591793
0.555427743	0.410097762
0.263409801	0.220163787
0.34645664	0.282821116
0.408448494	0.319313791
0.45705783	0.358153947
0.538204133	0.431825095
0.231470546	0.190700815
0.337152853	0.282078026
0.399885211	0.320128472
0.476333037	0.357111355
0.572984475	0.419717306
0.259170523	0.260076465
0.351838656	0.288996719
0.408376143	0.315914204
0.481139259	0.474102344
0.566624604	0.434669076
0.273225359	0.227552148
0.361815339	0.321989771
0.449859021	0.41310033
0.47264532	0.386782704
0.579397437	0.481674816
0.247329046	0.197944938
0.331249638	0.276045553
0.412074906	0.317789751
0.492427151	0.357304679
0.565268748	0.403798261
0.270610113	0.272480482
0.321469879	0.354179673
0.40494544	0.424573672
0.508193464	0.42992805
0.557486165	0.488515777
0.239543513	0.225128294
0.333193607	0.264767498
0.42134058	0.320156161
0.496142281	0.376564207
0.586009232	0.4443441
0.228486436	0.225230016
0.326044362	0.258589881
0.395418589	0.345175444
0.485950687	0.380879618
0.552047818	0.4147602
0.225589944	0.203459236
0.334689363	0.302419515
0.421055633	0.322885105
0.508969478	0.359195632
0.585832261	0.427683424
0.248178856	0.21512628
0.33118764	0.328096352
0.444432878	0.312464121
0.506865136	0.378253328
0.541743911	0.411547241
0.234137148	0.20838027
0.331004828	0.289352053
0.407945975	0.335007996
0.475511391	0.36194567
0.570888693	0.427660668
0.249984602	0.26169339
0.340250838	0.273020834
0.422200858	0.331030098
0.490872693	0.380469156
0.572367041	0.448565416
0.25868495	0.257159886
0.347438022	0.297750583
0.423959643	0.352138591
0.486101749	0.38260257
0.554865251	0.462687956
0.248492952	0.234725334
0.335291066	0.28300865
0.418239935	0.32926395
0.494573133	0.372098014
0.564238959	0.418979905
0.255661802	0.273714636
0.348280372	0.29695609
0.417053242	0.366036643
0.482705284	0.390239533
0.568626349	0.430838789
0.24057203	0.251827257
0.339267085	0.268496139
0.421739344	0.362665048
0.470868896	0.376645061
0.553043948	0.467055574
0.235451075	0.245492489
0.34125385	0.291551972
0.415387108	0.343334584
0.495632996	0.362471472
0.565809263	0.407542861
0.234565928	0.271341128
0.301676944	0.293391422
0.398980459	0.369861191
0.483658501	0.448032919
0.56926148	0.463624572
0.259709766	0.20586864
0.336859115	0.291154499
0.426275599	0.326832595
0.504149144	0.388803295
0.5458825	0.382770822
0.220795577	0.250161547
0.309184585	0.284546535
0.399317977	0.31829461
0.484896839	0.36986245
0.57296458	0.433022799
0.233382186	0.259816735
0.299188181	0.304022143
0.399413866	0.340570298
0.513910685	0.372242503
0.589638999	0.445080897
0.271117489	0.24218677
0.332659627	0.295116489
0.409659939	0.321382411
0.503480122	0.397202731
0.578993757	0.472488439
0.23358605	0.233210382
0.311903701	0.266786579
0.386526001	0.312032464
0.475933983	0.361222365
0.531103642	0.417904136
0.217825116	0.247758688
0.310026935	0.277552526
0.430715965	0.354353564
0.494484532	0.395383469
0.536230265	0.436262441
0.23926458	0.257781393
0.346173543	0.316288518
0.393262139	0.353393588
0.481319123	0.448819456
0.552499385	0.477533146
0.243813327	0.24001595
0.329089776	0.279190999
0.404174226	0.36824497
0.482372971	0.388630411
0.568093352	0.438853842
0.235872279	0.262585854
0.340872089	0.306279053
0.41281969	0.375931271
0.515936142	0.44223314
0.575164464	0.479712222
0.27016566	0.271714535
0.333347387	0.327819354
0.394243579	0.343141209
0.49323856	0.423103149
0.530694757	0.468780087
0.247613125	0.24681306
0.333060011	0.284936003
0.413975384	0.318049279
0.499145708	0.357947382
0.560949254	0.416360462
0.238199397	0.269988965
0.284923119	0.313632474
0.403252066	0.353688659
0.482636924	0.467918435
0.529210972	0.508891148
0.258093888	0.233456241
0.329716521	0.305119007
0.429334083	0.347432807
0.512038026	0.386768054
0.547088451	0.42228429
0.238041337	0.221960923
0.329834155	0.291964146
0.419768772	0.324493421
0.481032845	0.362731704
0.549486126	0.414088348
0.234379588	0.236378257
0.324433979	0.301921554
0.413428681	0.349006637
0.484673254	0.366037348
0.557729182	0.437858373
0.246472469	0.256806968
0.325486497	0.313266819
0.41575094	0.326550009
0.496967801	0.401085176
0.547756085	0.390318524
0.219173685	0.216180653
0.308885758	0.291682214
0.384914808	0.32053259
0.419307085	0.369903682
0.542127696	0.400333628
0.262442588	0.261944309
0.312992076	0.290383367
0.37530242	0.331267877
0.513660149	0.390629253
0.537024902	0.458077021
0.243300746	0.290043539
0.341497041	0.351230169
0.408866979	0.384503793
0.499233152	0.441494933
0.556131581	0.465739308
0.240479149	0.263525641
0.308506194	0.311642039
0.427533138	0.34103332
0.487611097	0.361065088
0.548895527	0.440671845
0.249031558	0.289250356
0.351458341	0.360949697
0.410433987	0.382825094
0.482342203	0.450060306
0.575374516	0.469457376
0.249216395	0.32069752
0.359982296	0.346719017
0.413119732	0.405515826
0.455212699	0.469112011
0.553952517	0.481811301
0.235526201	0.238081927
0.33248121	0.289654726
0.403226041	0.342750483
0.487169824	0.385440107
0.555053905	0.38776463
0.157787352	0.274262741
0.317457079	0.356280413
0.429915718	0.443493322
0.511494734	0.44711045
0.514708676	0.442089859
0.24134388	0.256150018
0.336513442	0.302578907
0.407733089	0.352549707
0.473695351	0.380618982
0.560716068	0.434559073
0.246736075	0.210032261
0.312817013	0.26499843
0.41183212	0.310241647
0.489801148	0.372552779
0.563688033	0.415582684
0.247082327	0.237634134
0.325528889	0.274018367
0.432697352	0.322364841
0.494408538	0.36546684
0.570455517	0.421606044
0.251137172	0.245954026
0.352487552	0.282776913
0.423016894	0.316794182
0.510316659	0.384833451
0.560191284	0.448914306
0.250075054	0.214781418
0.32236908	0.280396859
0.405467622	0.328578152
0.494192702	0.370661775
0.538241957	0.413237872
0.245852779	0.233852153
0.346866219	0.271029141
0.428913169	0.353863205
0.50282232	0.364440862
0.563585552	0.39016608
0.250311536	0.261049882
0.335815966	0.27291375
0.419958236	0.351293049
0.477006801	0.348942347
0.539061578	0.433116491
0.244554236	0.228931295
0.323603022	0.28409177
0.393585083	0.333700993
0.482064022	0.356286907
0.545068315	0.416838084
0.268000766	0.282235454
0.361844314	0.323916218
0.440260456	0.426793126
0.52315924	0.439357945
0.571030732	0.477256249
0.256248526	0.230619131
0.3512576	0.310018317
0.432188241	0.350923115
0.510813105	0.414644608
0.532961265	0.459275833
0.249579187	0.22061168
0.331966489	0.286299342
0.404800278	0.333953574
0.477012584	0.370821217
0.583439675	0.414319531
0.25301388	0.230799945
0.292153562	0.415423846
0.414639258	0.396032314
0.506165	0.395797304
0.518658149	0.642361975
0.246467842	0.21419636
0.333310258	0.275699281
0.425921425	0.314586056
0.493020642	0.374059399
0.556762201	0.406063477
0.080664837	0.13133302
0.169323698	0.179919941
0.619527987	0.470884603
0.681118011	0.528455917
0.717595198	0.566361672
0.084527906	0.134933937
0.170730968	0.198435725
0.669863432	0.540239686
0.700795857	0.549599904
0.744112819	0.580027483
0.089480043	0.136860458
0.166622395	0.189328918
0.659097664	0.531219649
0.698569949	0.560484413
0.749419421	0.627909626
0.089745327	0.157664491
0.148872208	0.213221507
0.607946646	0.532233443
0.624077659	0.582365599
0.723475742	0.699310272
0.088243614	0.141666882
0.185332912	0.231759543
0.621808375	0.570088148
0.653241988	0.699265364
0.708377179	0.754220608
0.077980711	0.109158827
0.16550065	0.196891824
0.621248196	0.441654678
0.720503661	0.503646724
0.758066851	0.556245627
0.075008572	0.108335865
0.147593098	0.177704012
0.606225164	0.469197244
0.675076111	0.509088148
0.713716514	0.5373877
0.094329294	0.122616336
0.161933575	0.199345658
0.629566668	0.47404772
0.675696321	0.506197748
0.766485953	0.594362327
0.081633207	0.118921073
0.179615517	0.203386462
0.64031416	0.522724557
0.688825989	0.544859582
0.731524823	0.749897495
0.080590116	0.143982595
0.168354981	0.216424901
0.545100124	0.593377531
0.623111371	0.657850925
0.702831608	0.702608364
0.067615269	0.129391446
0.145592567	0.226064834
0.534837395	0.579293858
0.686084665	0.697597942
0.691853127	0.681845538
0.0745326	0.137675944
0.155713141	0.181247712
0.64165579	0.49793812
0.670657606	0.511777268
0.750756192	0.563236917
0.089678298	0.126909721
0.145853861	0.148716925
0.602021223	0.478144836
0.688242677	0.540873578
0.706431533	0.553813819
0.081374053	0.12862716
0.170094276	0.214008121
0.659852395	0.505154552
0.656566624	0.500665301
0.736654453	0.570755268
0.103176194	0.138188002
0.149054732	0.178532966
0.622583117	0.453607756
0.678215216	0.512609217
0.740685124	0.599520762
0.093017565	0.163848628
0.169379681	0.221389458
0.623460803	0.527850419
0.6261281	0.666107784
0.726418211	0.646237372
0.085786254	0.136348275
0.173806051	0.208682515
0.577095651	0.556106675
0.64852055	0.636361522
0.722073734	0.787324369
0.077953124	0.11493804
0.157168703	0.179991758
0.643229564	0.491775254
0.723035626	0.566392332
0.76357749	0.614248648
0.072930892	0.126433735
0.147707204	0.180330378
0.58705267	0.464918938
0.628621316	0.481862955
0.649066039	0.504013839
0.073326475	0.125668619
0.158648729	0.193803116
0.624418416	0.49215999
0.691760015	0.526341534
0.753298914	0.585910784
0.075964392	0.11871987
0.183331457	0.211974012
0.619953528	0.540646019
0.697754723	0.566610426
0.721920127	0.661368973
0.080161625	0.141161017
0.179039203	0.223113694
0.616115906	0.534341584
0.661212647	0.705808988
0.702548338	0.715506113
0.086087048	0.13514322
0.143453178	0.232307799
0.588735288	0.481364289
0.638627032	0.669819711
0.742977194	0.754148011
0.078648518	0.144690343
0.152830876	0.171447681
0.603292295	0.44955278
0.68869274	0.512051799
0.742003157	0.56064023
0.000367129	0.000173149
0.036575157	0.011906296
0.077838093	0.025407831
0.120199524	0.036318457
0.171052004	0.051646013
0.204506794	0.06428864
0.283562983	0.081866751
0.348779709	0.090858041
0.407232595	0.112665598
0.458169917	0.125401892
0.495356088	0.14305995
0.519464005	0.149958379
0.019047168	0.021828526
0.059658548	0.041571981
0.094387417	0.064382055
0.160046804	0.088779654
0.203651085	0.10441702
0.26211519	0.117564833
0.327835823	0.148724477
0.380408569	0.155659507
0.433792031	0.187727146
0.473970178	0.202823028
0.5050805	0.219550738
0.529482097	0.216244968
0.043660495	0.06472878
0.095222538	0.099423918
0.145222604	0.122255691
0.198894425	0.152931319
0.26005405	0.186861189
0.314600203	0.207384197
0.36909818	0.238023225
0.418970897	0.252102291
0.453993793	0.261779178
0.497146392	0.283161346
0.527882992	0.294887068
0.543730272	0.299231024
0.057291467	0.112477233
0.112752551	0.164159784
0.152943479	0.199980632
0.213744187	0.203970714
0.279383737	0.227863329
0.321547492	0.22807289
0.374498819	0.246236158
0.421013588	0.262991785
0.483696324	0.294049329
0.521652438	0.31256622
0.551881604	0.327257354
0.574104022	0.340837881
0	0.000309998
0.036411603	0.011415798
0.076159466	0.02277365
0.118324147	0.037430059
0.162141487	0.05317539
0.208303354	0.057266866
0.277481119	0.083021184
0.351801585	0.102735804
0.394926828	0.12361178
0.461213943	0.132358268
0.504395285	0.141918858
0.532421213	0.153862372
0.018425801	0.022975998
0.058524658	0.044169902
0.095859982	0.064468372
0.149487156	0.083201871
0.208501435	0.11316955
0.263776641	0.114887695
0.326338273	0.14312414
0.389376226	0.184948839
0.439413653	0.196855299
0.484285304	0.195043966
0.530155977	0.219875286
0.537620243	0.177039259
0.034048975	0.051602339
0.097129088	0.091514589
0.132090276	0.114093807
0.189394177	0.131571277
0.251077835	0.191212672
0.300032439	0.204158325
0.365469975	0.210702553
0.425553023	0.246876897
0.489346806	0.261158376
0.53471444	0.286204693
0.582401442	0.307932831
0.600896008	0.311390315
0.058543396	0.100000719
0.111836694	0.134204792
0.169361752	0.186933006
0.233066008	0.23462404
0.272153351	0.193493445
0.323094663	0.219889584
0.403134258	0.280958104
0.458651268	0.31214725
0.497306129	0.272674612
0.567619115	0.326897439
0.595640532	0.302896633
0.622536734	0.302695002
0.000390841	0.0001
0.037169804	0.007937686
0.0763967	0.020912161
0.121868204	0.037393823
0.167367063	0.049841578
0.215015722	0.06146666
0.278689962	0.078049578
0.35856797	0.097446296
0.405581844	0.112722689
0.480846736	0.152006811
0.517245731	0.134868891
0.548888587	0.150974968
0.016335108	0.021373949
0.058562944	0.042870627
0.104667902	0.063812026
0.143672889	0.094321541
0.222077059	0.104546583
0.274762293	0.131809837
0.33535451	0.161236812
0.393592543	0.193636399
0.458034354	0.188809233
0.520776371	0.266686091
0.562529275	0.288441566
0.57917096	0.319117446
0.038471008	0.062584844
0.087852252	0.098752065
0.143194198	0.146695227
0.19364161	0.159352882
0.251674853	0.204208745
0.311577344	0.221007542
0.379440778	0.249777995
0.437585236	0.294432856
0.497635435	0.335237972
0.562789064	0.361201976
0.60885244	0.366658604
0.634267055	0.388847196
0.050517795	0.099798483
0.116996051	0.163213124
0.170238976	0.179268932
0.221534751	0.22517879
0.299893869	0.260198047
0.352307226	0.27002617
0.394366534	0.27499108
0.460146908	0.317557611
0.532665734	0.353543817
0.602725176	0.367137887
0.630745553	0.410283535
0.656889221	0.418941744
0.06815694	0.116388928
0.128819657	0.189214534
0.192269618	0.180886336
0.242231629	0.239393989
0.292280566	0.246141485
0.353933051	0.274017612
0.405564378	0.278745045
0.457816725	0.297982068
0.491370874	0.318122581
0.544911933	0.344727475
0.575284527	0.369905092
0.594812814	0.359282527
0.073852301	0.128288943
0.13079902	0.181434994
0.195027829	0.199865015
0.257364488	0.251330152
0.325096986	0.27996339
0.377303124	0.304664392
0.449600504	0.338767298
0.498533479	0.33837053
0.555788626	0.368195078
0.592743867	0.396640178
0.625681854	0.417818701
0.648323568	0.427900813
0.082307086	0.118849458
0.136735663	0.155268957
0.209953006	0.209930942
0.27715297	0.260516126
0.323181125	0.290571707
0.407598336	0.325554641
0.488178909	0.378346768
0.537225122	0.39389155
0.593590438	0.429205702
0.63413716	0.463092779
0.671173484	0.475331212
0.692138711	0.502861344
0.081021903	0.1088192
0.137162592	0.160803896
0.20705796	0.225308831
0.273505795	0.269940836
0.335998143	0.291719419
0.414681708	0.344100581
0.490586994	0.3805559
0.564892828	0.437259068
0.636073437	0.470359456
0.673813945	0.50030599
0.708650617	0.551568338
0.739858678	0.562753154
0.07289382	0.114281568
0.130582606	0.151820132
0.210683389	0.217211992
0.267378705	0.261274421
0.330598661	0.305342286
0.398374534	0.344057284
0.478858987	0.369753252
0.559311169	0.439892305
0.632167802	0.489986451
0.682117149	0.535483254
0.740615376	0.558591245
0.766433093	0.562343749
0.080320205	0.109858721
0.12927186	0.156033469
0.175416723	0.172580466
0.227389328	0.234105463
0.320573108	0.238146846
0.359401182	0.29048456
0.427602076	0.302730394
0.494574059	0.342743485
0.554375861	0.380599146
0.612467401	0.418308154
0.630382703	0.417783459
0.649451328	0.43614695
0.088988629	0.13660886
0.151626776	0.186659759
0.204788271	0.214297201
0.29165382	0.260812607
0.336083621	0.286573671
0.406985934	0.306071632
0.462978279	0.353979048
0.533897711	0.396965154
0.596480279	0.455956546
0.64298377	0.456461001
0.653014123	0.424858473
0.670782296	0.467289073
0.068152545	0.123489215
0.152782817	0.163906348
0.232110882	0.243370957
0.293030844	0.248112008
0.362112316	0.318857818
0.412153271	0.345773289
0.501715033	0.428822477
0.54736108	0.408610323
0.62218441	0.465596781
0.690321572	0.468839041
0.729474845	0.527023706
0.750014646	0.521672752
0.087943919	0.110110899
0.156363656	0.159693012
0.213688782	0.210083034
0.297116341	0.280215769
0.341676558	0.314781293
0.426105625	0.377734071
0.508454526	0.40319236
0.586362713	0.448025216
0.664457241	0.483066449
0.706301869	0.484371841
0.744225827	0.550571006
0.78126296	0.575759598
0.07280065	0.105650948
0.136162356	0.156850667
0.185363622	0.221672497
0.269973478	0.257189589
0.336372848	0.27564078
0.417857653	0.350941541
0.468213803	0.386198552
0.571295958	0.454816939
0.622556629	0.528108084
0.732311248	0.561266621
0.751964225	0.617878211
0.794947717	0.642895631
0.081146998	0.148752368
0.117219636	0.196522645
0.19358875	0.234408715
0.261937698	0.249187752
0.308454954	0.266273414
0.36478129	0.295181786
0.444546521	0.335338762
0.501882867	0.363193618
0.573489017	0.398170863
0.622388564	0.418725311
0.660014214	0.437644206
0.679567024	0.469422135
0.069909132	0.109316859
0.148778518	0.184141081
0.227668434	0.230453698
0.255627564	0.345247386
0.351728656	0.330850971
0.409925223	0.33463333
0.487876207	0.375158881
0.535450086	0.383919692
0.592969534	0.385620593
0.639099997	0.444562647
0.654851272	0.431062672
0.669556103	0.454059199
0.084313342	0.122666253
0.155322647	0.165876393
0.220580262	0.213055344
0.298632455	0.263913901
0.35529122	0.298997474
0.435532424	0.350081953
0.501613824	0.393783459
0.558213136	0.441155861
0.62028295	0.455166182
0.65356713	0.489776714
0.701511377	0.510401897
0.759079059	0.666854549
0.080015536	0.129045803
0.150171793	0.183650974
0.202576069	0.217854745
0.270233672	0.290650195
0.341084571	0.343913298
0.432468099	0.370927949
0.510146281	0.404454204
0.582527983	0.498590287
0.635860493	0.530828016
0.683922605	0.579464074
0.716980655	0.639192665
0.741297468	0.568807425
0.064567484	0.109562114
0.133198488	0.155030901
0.209289999	0.186327005
0.269894593	0.239257429
0.348152096	0.301330002
0.401145758	0.35311357
0.5143759	0.400672096
0.584813344	0.443229062
0.656238012	0.511137133
0.718535113	0.557818854
0.76389546	0.60226063
0.798917085	0.65202406
