289.8610534667969
279.96343994140625
282.9079895019531
283.7628173828125
286.3284606933594
292.60675048828125
293.616943359375
292.85614013671875
290.11474609375
292.8541259765625
287.09783935546875
293.0418701171875
291.9759521484375
295.11541748046875
289.3825988769531
283.7370910644531
276.7892150878906
284.7723388671875
284.72918701171875
292.0986633300781
292.63299560546875
293.6246643066406
301.2061462402344
304.4311828613281
292.3612365722656
292.62127685546875
291.2210693359375
293.4731750488281
298.0619812011719
311.8935852050781
292.5515441894531
288.7356872558594
292.5506896972656
292.5359191894531
291.08575439453125
292.40728759765625
297.39984130859375
294.1019592285156
297.4637451171875
297.97943115234375
292.99932861328125
299.788818359375
302.0166931152344
304.8853454589844
304.4233093261719
283.490234375
289.0162048339844
290.8204650878906
289.4535217285156
294.0548095703125
293.0111083984375
299.8024597167969
299.85211181640625
304.7711486816406
313.7626647949219
292.44110107421875
292.94854736328125
292.6842041015625
292.14337158203125
293.1785888671875
286.4375915527344
283.6513366699219
281.9545593261719
278.78631591796875
295.3706359863281
288.33807373046875
290.03582763671875
291.1688537597656
291.2104187011719
292.77252197265625
289.3989562988281
289.4178771972656
288.8243103027344
305.12335205078125
291.8492736816406
288.8123779296875
287.13507080078125
277.21514892578125
282.48748779296875
287.894287109375
292.6398620605469
288.3489685058594
297.7982482910156
299.0294189453125
299.0292663574219
292.5389099121094
292.19964599609375
302.0407409667969
302.19293212890625
312.1064147949219
288.1587219238281
286.50750732421875
284.41912841796875
287.81036376953125
283.5838317871094
290.49603271484375
294.8328857421875
293.9602355957031
290.97076416015625
280.7290344238281
292.6414794921875
294.6440734863281
293.8480529785156
298.2212829589844
303.57098388671875
292.0606994628906
288.313720703125
299.59246826171875
293.7188415527344
293.89886474609375
292.85943603515625
293.81170654296875
304.30072021484375
307.3302001953125
322.5058288574219
290.0159606933594
290.56158447265625
291.0513000488281
290.10223388671875
289.4552307128906
284.96636962890625
279.1645202636719
273.6585388183594
282.5857849121094
285.8976135253906
292.6418762207031
283.04742431640625
299.374267578125
297.2538146972656
293.4383850097656
291.9457092285156
292.7320556640625
304.3410339355469
307.32879638671875
314.7589416503906
287.2393798828125
281.1199951171875
288.78973388671875
287.6536560058594
290.25
292.5412902832031
299.7814025878906
304.547607421875
297.59521484375
312.55401611328125
292.71282958984375
293.2312927246094
300.353271484375
297.4842529296875
295.4792175292969
288.12945556640625
287.86138916015625
288.00518798828125
286.94683837890625
287.50445556640625
292.6517028808594
294.7975769042969
298.9889221191406
289.4442138671875
297.4981994628906
292.60821533203125
293.001953125
304.99176025390625
303.1667175292969
311.7750244140625
292.4756774902344
290.32037353515625
293.07525634765625
293.6918640136719
286.2637634277344
292.753662109375
293.6443176269531
304.99853515625
308.70379638671875
302.3049011230469
292.4135437011719
292.0285949707031
288.5945739746094
288.300537109375
293.60638427734375
283.1654357910156
276.1586608886719
282.7266845703125
284.3503112792969
293.8864440917969
291.9882507324219
293.1211242675781
292.01373291015625
290.7911071777344
297.2879943847656
292.6138916015625
292.60693359375
297.0329284667969
289.41650390625
295.37158203125
287.42486572265625
285.0782775878906
285.0172424316406
291.4289855957031
286.239501953125
292.6287841796875
290.6842346191406
295.744873046875
297.5545959472656
304.5756530761719
292.5858459472656
296.3768615722656
299.5274963378906
291.5768127441406
308.0945129394531
285.0372009277344
287.9051818847656
286.5897216796875
290.9449768066406
290.38226318359375
292.72747802734375
294.50146484375
296.6427917480469
301.7210998535156
304.39111328125
292.6950988769531
293.77008056640625
303.4512023925781
309.5521240234375
298.5097351074219
292.54156494140625
293.2063903808594
289.13623046875
290.556884765625
292.5894470214844
292.83599853515625
296.10107421875
297.3426208496094
309.4749450683594
312.6075439453125
291.1535339355469
285.1494140625
291.0824890136719
294.5257568359375
287.5330505371094
285.5836486816406
289.03594970703125
284.3815612792969
289.8516540527344
286.7774658203125
291.5152282714844
292.38031005859375
293.589111328125
293.1123962402344
289.1323547363281
292.6224365234375
293.011474609375
295.03564453125
295.0595703125
290.26373291015625
283.4041442871094
285.1066589355469
283.080810546875
289.433349609375
288.84967041015625
292.66314697265625
293.21258544921875
301.46368408203125
307.1124267578125
297.80517578125
292.6618957519531
292.9542541503906
304.5727233886719
306.53857421875
307.6406555175781
291.4064025878906
286.15185546875
282.11572265625
291.5830993652344
288.6881408691406
292.3161315917969
292.9662170410156
302.0889587402344
302.50433349609375
301.81646728515625
292.726806640625
297.789306640625
301.01141357421875
303.8293151855469
303.8444519042969
291.8516845703125
291.4609069824219
292.6049499511719
291.86553955078125
293.1097412109375
292.9701232910156
299.8028564453125
300.7965087890625
302.5223083496094
303.920166015625
288.2987365722656
289.30975341796875
289.83941650390625
285.9718322753906
292.7447814941406
285.9231262207031
288.4560241699219
286.09661865234375
288.4123840332031
290.1488952636719
292.3885498046875
291.8316345214844
287.005615234375
290.0431823730469
289.72357177734375
291.1275634765625
294.5050964355469
293.7333984375
298.5046081542969
296.3039245605469
283.2560119628906
279.90472412109375
282.1302795410156
286.2684631347656
288.2315979003906
292.791015625
297.02459716796875
297.4954528808594
291.8740539550781
300.22113037109375
289.9324951171875
292.8526916503906
294.9763488769531
304.7667236328125
305.3367614746094
292.2644348144531
286.9307556152344
290.00299072265625
284.7950744628906
288.1327819824219
291.3504333496094
292.9652099609375
296.9195251464844
302.41326904296875
307.3616027832031
292.6885070800781
294.2122497558594
299.11529541015625
302.29302978515625
311.15301513671875
291.4232482910156
292.8530578613281
293.22650146484375
292.7641296386719
292.96044921875
292.7015075683594
293.28753662109375
299.5501403808594
297.9740295410156
312.7650146484375
291.008544921875
291.32470703125
292.598388671875
293.9468078613281
287.9028625488281
286.49603271484375
285.05377197265625
282.1044921875
279.91607666015625
284.29339599609375
289.6072692871094
292.893310546875
294.99468994140625
298.6392822265625
295.3870544433594
290.2914123535156
292.90362548828125
289.7209777832031
291.9859924316406
293.7352294921875
289.9320068359375
281.158447265625
282.89935302734375
287.9112243652344
286.5479736328125
292.5986022949219
293.7632141113281
296.7981872558594
301.6424560546875
296.4000244140625
291.63006591796875
292.6060485839844
299.90484619140625
297.8750915527344
317.58575439453125
288.43292236328125
285.90484619140625
291.8157653808594
289.716796875
290.8985290527344
292.7305908203125
293.11480712890625
304.3465270996094
308.76885986328125
318.0008239746094
292.81854248046875
299.8128356933594
293.5194396972656
297.7810363769531
292.3247375488281
289.03314208984375
288.1936950683594
292.7382507324219
289.51385498046875
288.41448974609375
292.84234619140625
293.3738708496094
296.99127197265625
313.9664001464844
312.470458984375
292.4253234863281
293.7085876464844
290.4516906738281
293.6156921386719
292.56231689453125
288.3828430175781
287.0680847167969
284.16644287109375
290.8939208984375
289.5477294921875
291.37847900390625
292.6711120605469
292.66827392578125
292.5943908691406
292.9562072753906
292.6004943847656
292.7394714355469
295.8885803222656
293.5964660644531
290.6705017089844
283.5010986328125
283.6921691894531
288.8802795410156
287.5924377441406
288.6117248535156
292.6513977050781
293.6225891113281
292.977294921875
295.0845947265625
295.12115478515625
292.564208984375
296.5821838378906
299.1931457519531
297.3463439941406
311.76129150390625
288.6941833496094
288.9020080566406
286.5018005371094
290.67620849609375
289.4817810058594
292.7901916503906
293.74725341796875
297.3860778808594
288.5113830566406
297.93353271484375
292.80133056640625
296.5075988769531
301.4789733886719
309.04595947265625
312.36383056640625
290.107177734375
290.7373046875
292.6850280761719
290.3722839355469
288.6497802734375
292.8792724609375
294.6641845703125
301.3270263671875
302.2112731933594
304.1772766113281
292.5782470703125
292.3466796875
292.1283264160156
292.8272705078125
296.9725646972656
287.5915222167969
287.99432373046875
284.634033203125
286.763916015625
286.96588134765625
291.91949462890625
291.39410400390625
290.423095703125
285.3188781738281
291.3917236328125
292.3895263671875
290.19085693359375
293.21295166015625
294.443115234375
302.99884033203125
284.7807312011719
288.7483825683594
287.35931396484375
286.69976806640625
285.6927795410156
292.5932312011719
293.5812072753906
293.8749694824219
298.1639099121094
297.4371032714844
292.49981689453125
293.64959716796875
293.9544372558594
297.37646484375
304.4844665527344
290.9944763183594
288.93853759765625
292.19500732421875
292.4231262207031
291.5049743652344
292.7792053222656
292.8522644042969
294.7143249511719
297.8406982421875
304.3145446777344
292.65423583984375
299.8159484863281
304.60626220703125
301.6919860839844
304.2866516113281
284.41229248046875
288.26739501953125
292.5570068359375
289.85333251953125
285.37274169921875
292.702392578125
296.9795227050781
304.9532165527344
302.76171875
311.2702941894531
292.1105651855469
292.6282653808594
290.1373291015625
301.6897277832031
289.4238586425781
290.2194519042969
289.21258544921875
286.1809997558594
283.3029479980469
288.8633728027344
285.5913391113281
295.8445129394531
292.8225402832031
293.5032653808594
293.42303466796875
292.5006103515625
293.5604553222656
293.8036193847656
291.8930358886719
286.09619140625
289.54302978515625
287.46875
282.8779296875
288.9263000488281
287.1040344238281
292.5799255371094
295.81280517578125
287.88543701171875
300.417724609375
296.3269958496094
292.656494140625
295.38232421875
293.8114013671875
301.00238037109375
314.9555358886719
292.4060363769531
293.52874755859375
289.7156982421875
292.6864013671875
290.7740783691406
292.905517578125
286.3607482910156
294.2399597167969
304.5412902832031
303.7018737792969
292.740234375
299.8046875
294.0649719238281
309.8329772949219
317.9035949707031
292.7014465332031
296.4757080078125
292.6523132324219
293.90167236328125
293.8498229980469
292.59442138671875
285.67462158203125
305.10626220703125
307.211181640625
318.14984130859375
292.3791198730469
293.628173828125
293.0277404785156
293.5567626953125
291.42706298828125
290.3680114746094
285.958740234375
282.15264892578125
286.1327819824219
289.87982177734375
286.3358459472656
292.6022033691406
297.45770263671875
292.3030700683594
295.0820007324219
283.1643371582031
295.3084716796875
290.89996337890625
288.28900146484375
300.6142578125
287.958984375
286.7759704589844
292.6986389160156
287.0107421875
286.9591064453125
292.6212158203125
290.7193908691406
294.7109680175781
297.1283264160156
304.55120849609375
292.6675109863281
295.6728515625
299.78790283203125
295.1097106933594
310.7184753417969
292.43292236328125
285.3653259277344
292.0216369628906
292.1702880859375
288.24517822265625
292.8066101074219
292.9897155761719
304.8114929199219
302.04736328125
304.4144287109375
292.2112731933594
293.6124267578125
294.2691955566406
308.4288024902344
317.8413391113281
292.0679016113281
292.95599365234375
300.5572204589844
293.6302490234375
312.68890380859375
292.82012939453125
293.5875549316406
292.90008544921875
294.66790771484375
317.8088684082031
290.27056884765625
293.6595458984375
288.1084289550781
294.56787109375
284.4783935546875
288.1734619140625
290.38983154296875
290.5083923339844
288.1061706542969
289.7133483886719
291.518798828125
291.594482421875
292.9019775390625
292.89453125
290.76727294921875
292.3900451660156
289.5738220214844
287.8179016113281
299.7731628417969
292.3324279785156
291.8119201660156
291.5247497558594
284.6606750488281
289.3669128417969
289.0096130371094
290.97406005859375
292.7416076660156
299.376708984375
286.85845947265625
293.1584777832031
289.0994873046875
293.66619873046875
295.04638671875
304.8308410644531
294.0313415527344
292.4093933105469
293.6051025390625
291.6935729980469
290.6475524902344
292.2162780761719
292.7701110839844
293.6749267578125
301.5744934082031
304.7420349121094
303.8574523925781
292.8061828613281
296.1289978027344
289.2425231933594
309.57086181640625
312.73907470703125
292.5767517089844
292.76068115234375
292.88372802734375
292.6104431152344
295.241943359375
292.81005859375
297.8301086425781
299.5212707519531
309.80120849609375
304.5321044921875
292.5780944824219
291.0089416503906
291.437255859375
292.67877197265625
298.6070861816406
287.42041015625
281.01214599609375
289.5144348144531
287.3465576171875
292.5865783691406
290.0877685546875
287.6788024902344
289.5819396972656
293.1890563964844
292.7298889160156
292.4734802246094
296.1072692871094
292.6538391113281
290.6589050292969
292.9960021972656
292.3725891113281
288.84466552734375
285.9639892578125
287.0651550292969
289.2223815917969
292.5647888183594
297.6605529785156
292.55487060546875
304.0860595703125
285.8036193847656
292.664794921875
291.8986511230469
294.1978454589844
280.0801086425781
292.1671447753906
290.5772705078125
291.9602966308594
291.6043395996094
288.81329345703125
302.11248779296875
292.59588623046875
293.7901306152344
301.8648681640625
304.68048095703125
297.9696350097656
292.9772033691406
293.70208740234375
301.9906005859375
305.3439636230469
304.51434326171875
291.2470703125
292.6455383300781
292.6029357910156
290.42303466796875
286.6878356933594
291.04925537109375
294.4892578125
301.3244323730469
302.62353515625
305.0840759277344
290.24676513671875
293.50787353515625
287.96551513671875
290.1270751953125
292.9035339355469
291.8191833496094
289.1927795410156
286.4241943359375
288.20831298828125
290.1302185058594
292.3922119140625
292.70135498046875
290.9318542480469
287.26153564453125
295.0609436035156
292.4815979003906
292.64996337890625
290.7512512207031
276.74200439453125
300.77490234375
292.42156982421875
291.9830627441406
284.88409423828125
284.07403564453125
288.3788146972656
292.5532531738281
293.71600341796875
287.5732116699219
305.7968444824219
311.1711120605469
292.6450500488281
295.3628234863281
294.0446472167969
296.9402160644531
285.6458740234375
292.60614013671875
289.9025573730469
290.4377136230469
290.42010498046875
288.2274169921875
292.4334716796875
296.21185302734375
300.06707763671875
304.7945556640625
305.1166687011719
292.6772155761719
293.0638122558594
299.12640380859375
309.5589599609375
312.1431884765625
289.78375244140625
293.57452392578125
293.2275390625
289.2313537597656
289.4819641113281
292.67816162109375
294.6155700683594
301.3114929199219
302.0426025390625
304.4402770996094
292.4472961425781
289.9825744628906
292.6309509277344
290.8410339355469
295.15576171875
290.1126403808594
283.9180603027344
283.4656066894531
281.6460876464844
284.0137939453125
292.291259765625
278.0899353027344
290.9396667480469
293.395751953125
292.6606140136719
292.6400451660156
294.4718017578125
295.0238342285156
300.73419189453125
298.0357360839844
286.8626708984375
291.6208190917969
289.4552917480469
289.6065368652344
282.0188293457031
291.9580078125
290.438232421875
295.04949951171875
300.1908264160156
297.85540771484375
292.6591491699219
293.7517395019531
293.5890197753906
302.332763671875
318.0770568847656
286.7223815917969
290.64947509765625
300.2475280761719
282.25146484375
292.5878601074219
292.7320556640625
292.7598571777344
294.2369689941406
302.0333557128906
301.8538513183594
292.6142272949219
299.8123779296875
304.8672790527344
302.75146484375
318.1605529785156
291.34130859375
292.41839599609375
285.6628112792969
280.1584167480469
286.1330261230469
293.3440246582031
293.1637268066406
293.0422668457031
313.59539794921875
310.8980712890625
291.6560363769531
290.044677734375
288.9007568359375
294.5774841308594
312.60076904296875
284.9793701171875
287.4705505371094
285.32000732421875
288.39703369140625
290.6012878417969
291.3157043457031
291.04022216796875
290.2254638671875
292.9054870605469
291.6853332519531
291.9580993652344
292.6133728027344
293.63916015625
291.9609375
287.7091369628906
290.65643310546875
286.7353515625
293.475341796875
286.1405334472656
292.6954345703125
292.6745910644531
290.4519348144531
293.4063415527344
300.0950622558594
288.85870361328125
292.6626281738281
293.650390625
293.663330078125
302.0984802246094
301.167236328125
292.559326171875
292.3990783691406
289.92303466796875
291.1961975097656
292.1234436035156
292.78985595703125
291.9109191894531
287.3833923339844
298.46844482421875
297.9443054199219
292.74395751953125
293.634765625
300.5873107910156
302.20477294921875
311.564453125
292.5371398925781
291.1396179199219
292.65557861328125
292.6513977050781
294.83441162109375
292.8046569824219
294.6192321777344
299.3628845214844
281.138916015625
312.8357238769531
284.2942810058594
285.62353515625
290.8277893066406
289.80224609375
289.5290832519531
194.24668884277344
214.6500244140625
237.8730010986328
256.357177734375
279.58709716796875
198.41798400878906
216.02548217773438
240.49554443359375
261.7563171386719
276.7700500488281
196.50917053222656
219.33203125
240.5225067138672
261.3348083496094
273.24676513671875
193.0330352783203
216.38916015625
236.71343994140625
256.2868957519531
271.0095520019531
196.2745361328125
217.57028198242188
237.36175537109375
262.7940368652344
276.9676818847656
198.8362274169922
220.65586853027344
242.19619750976562
266.3006591796875
280.7587890625
195.0955810546875
215.1025848388672
237.71481323242188
255.9997100830078
277.5967712402344
197.78179931640625
219.17837524414062
246.22906494140625
258.7065124511719
271.1503601074219
195.89102172851562
225.82199096679688
243.8759002685547
261.343505859375
280.23236083984375
192.62913513183594
214.0204315185547
236.29090881347656
256.77044677734375
272.6908874511719
203.70115661621094
215.62066650390625
232.14613342285156
245.76795959472656
273.2406311035156
191.04725646972656
213.1669921875
242.05557250976562
260.6784973144531
284.34320068359375
197.0670928955078
212.29812622070312
237.4298095703125
257.9796142578125
276.80792236328125
195.1478271484375
217.97999572753906
242.88656616210938
258.2787780761719
280.9930419921875
195.45654296875
223.21939086914062
235.7707061767578
263.5458068847656
257.7609558105469
192.46878051757812
218.58094787597656
233.21804809570312
258.24267578125
278.2818298339844
195.94073486328125
218.30433654785156
239.1250457763672
259.3328857421875
272.31231689453125
200.88645935058594
220.36048889160156
244.04730224609375
255.98410034179688
281.10980224609375
193.46644592285156
214.86460876464844
233.80165100097656
257.12322998046875
271.5933532714844
193.6773223876953
223.0248565673828
237.8621063232422
265.484375
268.4359130859375
201.25379943847656
221.2948760986328
240.64764404296875
262.17242431640625
273.1305236816406
192.37750244140625
214.47613525390625
235.9658660888672
261.44842529296875
282.61932373046875
195.2815704345703
216.61874389648438
230.43240356445312
255.40469360351562
222.33428955078125
193.22935485839844
216.05035400390625
238.39105224609375
262.07421875
277.1928405761719
197.5164031982422
214.17608642578125
237.77932739257812
259.8858947753906
282.4969177246094
196.23135375976562
216.05685424804688
240.00669860839844
259.8934631347656
280.5549621582031
197.0509033203125
214.3395538330078
236.6824493408203
259.703857421875
282.8497009277344
192.09332275390625
213.731201171875
233.96383666992188
259.3519287109375
272.68048095703125
194.16839599609375
217.88690185546875
239.19488525390625
261.9189147949219
269.59954833984375
198.40182495117188
208.77537536621094
237.85958862304688
258.7870788574219
278.4454650878906
191.27264404296875
218.0736083984375
231.95742797851562
260.7333679199219
277.83184814453125
195.8450469970703
225.47471618652344
237.53927612304688
258.98565673828125
272.8221740722656
199.12843322753906
214.6424560546875
242.41627502441406
261.0749816894531
240.35321044921875
193.2021942138672
214.23219299316406
236.45785522460938
264.54229736328125
277.48272705078125
191.27711486816406
210.531494140625
226.7949981689453
241.49069213867188
250.18772888183594
198.6121826171875
216.399658203125
243.07826232910156
257.3087463378906
282.81988525390625
191.7079315185547
214.62115478515625
236.94944763183594
257.08587646484375
276.9234313964844
192.86326599121094
221.22557067871094
241.05670166015625
264.8119201660156
283.21026611328125
196.92828369140625
216.2555389404297
240.21656799316406
263.6458435058594
275.05859375
194.86607360839844
217.23338317871094
238.31521606445312
254.94302368164062
276.3482971191406
198.03836059570312
219.76235961914062
242.15660095214844
262.29681396484375
281.5232238769531
196.24945068359375
224.4442901611328
243.52391052246094
257.1578369140625
273.7877197265625
190.3642120361328
218.1361083984375
233.50247192382812
255.05015563964844
280.5378723144531
203.37193298339844
216.2411651611328
241.65245056152344
259.8035583496094
275.9352722167969
196.93069458007812
226.69818115234375
239.8880615234375
224.084716796875
280.0098876953125
194.0051727294922
217.6612091064453
239.1205291748047
255.8144989013672
283.009765625
194.06910705566406
222.92723083496094
241.53634643554688
265.22802734375
276.8719177246094
194.48988342285156
216.7284393310547
235.03050231933594
262.214599609375
284.06976318359375
193.72012329101562
214.73353576660156
233.51527404785156
257.5827941894531
278.57073974609375
196.823486328125
218.91575622558594
240.44850158691406
265.7445983886719
284.1068115234375
196.9216766357422
220.880859375
244.24681091308594
264.37774658203125
285.4154968261719
193.2706756591797
213.5247039794922
231.57431030273438
255.85865783691406
277.29888916015625
197.62728881835938
212.83160400390625
240.1675262451172
259.2125244140625
282.6899108886719
196.52496337890625
223.10203552246094
228.15805053710938
255.23818969726562
279.3971252441406
191.32537841796875
216.97772216796875
241.62734985351562
257.8877868652344
279.39105224609375
173.98989868164062
218.9342803955078
244.72549438476562
257.3797302246094
267.4180908203125
194.7257537841797
220.09027099609375
235.02676391601562
263.2025451660156
276.8570251464844
195.47549438476562
218.36912536621094
236.4965362548828
258.723876953125
280.7925720214844
198.90875244140625
214.28602600097656
235.1441192626953
246.75643920898438
263.2345886230469
193.85888671875
218.5825958251953
241.31512451171875
257.1065673828125
282.8766174316406
194.52406311035156
211.98158264160156
236.67245483398438
254.63351440429688
277.119384765625
193.66934204101562
217.24147033691406
236.7552032470703
259.32470703125
275.3209533691406
197.06248474121094
216.40382385253906
236.8439483642578
253.17837524414062
282.68194580078125
194.8067626953125
214.8548583984375
230.4595489501953
255.30389404296875
275.3940734863281
197.0834197998047
214.09326171875
238.78750610351562
255.80519104003906
275.4208679199219
200.8343505859375
216.97259521484375
243.3781280517578
256.97998046875
283.0835876464844
191.0573272705078
214.79591369628906
237.1927490234375
259.042236328125
276.8597717285156
198.01051330566406
219.07550048828125
228.5941925048828
249.2389373779297
271.7351379394531
201.1273651123047
221.23060607910156
237.24534606933594
268.7867126464844
256.3348083496094
194.79534912109375
217.10977172851562
239.8721923828125
257.1990966796875
277.80023193359375
196.67247009277344
185.03550720214844
239.66490173339844
246.5900421142578
241.58657836914062
197.23399353027344
216.5150146484375
236.13038635253906
261.1603698730469
278.7887268066406
191.3900604248047
212.3509063720703
232.15603637695312
253.8468780517578
272.2491149902344
196.93638610839844
214.52310180664062
240.41151428222656
260.83538818359375
283.09417724609375
194.01364135742188
222.5516357421875
243.67539978027344
261.6415100097656
266.6346740722656
193.28323364257812
209.20062255859375
239.79237365722656
255.866943359375
267.7794494628906
195.49127197265625
216.4877166748047
231.25128173828125
254.52561950683594
271.856689453125
189.74264526367188
216.6240234375
242.18984985351562
263.5558776855469
286.0538635253906
192.58151245117188
215.89378356933594
235.76083374023438
255.7525634765625
275.8528137207031
198.40834045410156
220.8197784423828
241.2992401123047
233.42848205566406
277.3062744140625
196.33949279785156
222.7417449951172
241.37612915039062
246.1199951171875
288.1181335449219
191.14422607421875
217.5435791015625
235.72215270996094
261.1197814941406
273.78094482421875
189.9773406982422
210.88580322265625
207.0258026123047
239.94174194335938
249.31288146972656
195.48565673828125
219.63844299316406
232.66761779785156
262.466796875
280.111328125
196.1647186279297
215.7353515625
240.41488647460938
260.3204345703125
278.1582336425781
194.47166442871094
223.67152404785156
242.76402282714844
259.6328125
280.8507080078125
196.32156372070312
218.1484832763672
242.47305297851562
263.0619201660156
282.4438171386719
194.9389190673828
213.8419189453125
237.29501342773438
257.2606201171875
278.2806701660156
198.80914306640625
220.1134490966797
242.55393981933594
260.3262023925781
283.60455322265625
200.8343505859375
222.3526153564453
248.1306610107422
260.10198974609375
270.2557067871094
193.30226135253906
214.4607391357422
238.75424194335938
257.37518310546875
279.9349670410156
199.42396545410156
216.00213623046875
240.27105712890625
268.482666015625
276.8672790527344
204.0830078125
224.65280151367188
235.92025756835938
265.9031982421875
281.26531982421875
197.03370666503906
215.3358154296875
236.16015625
258.60845947265625
275.0323486328125
194.88990783691406
220.1532440185547
236.9552459716797
268.8321533203125
251.10948181152344
191.67120361328125
215.17758178710938
237.3445587158203
258.48876953125
283.5157775878906
197.96090698242188
216.2951202392578
234.08546447753906
255.01060485839844
277.8062438964844
193.68807983398438
216.18991088867188
242.47384643554688
259.05059814453125
280.1431579589844
195.8379364013672
218.6326904296875
238.08924865722656
263.7095642089844
284.999267578125
193.38003540039062
216.4503173828125
234.9644775390625
256.0749816894531
274.4046630859375
195.3468017578125
223.02487182617188
241.7777862548828
270.23486328125
289.3028869628906
197.1437225341797
213.89556884765625
237.67550659179688
262.6199035644531
276.3252258300781
193.8643798828125
212.00328063964844
236.2981414794922
254.00991821289062
281.2048645019531
204.37464904785156
224.2682647705078
245.34750366210938
256.24920654296875
259.27850341796875
196.82235717773438
218.69041442871094
234.70635986328125
249.88836669921875
271.4491882324219
196.01951599121094
215.23570251464844
242.12518310546875
258.90753173828125
279.746337890625
196.57290649414062
223.7003936767578
230.19078063964844
260.2045593261719
256.6697692871094
194.79177856445312
219.13185119628906
240.45562744140625
264.9478759765625
279.2842712402344
194.45423889160156
212.44760131835938
233.92161560058594
254.6002655029297
271.9913024902344
195.26028442382812
218.0956268310547
242.53631591796875
253.27020263671875
277.4594421386719
198.20376586914062
215.15513610839844
241.81307983398438
264.0998229980469
275.2615661621094
194.01065063476562
210.95606994628906
234.21334838867188
257.9470520019531
274.97784423828125
198.00550842285156
208.5330810546875
243.46360778808594
256.7964172363281
273.0205993652344
192.49595642089844
210.32644653320312
240.99485778808594
263.5793151855469
264.4996337890625
193.55364990234375
214.41651916503906
232.11781311035156
256.795654296875
276.0843200683594
201.66709899902344
218.0225067138672
235.97276306152344
259.5278015136719
272.5897216796875
192.2735595703125
210.22015380859375
242.7874755859375
260.0843200683594
289.1070251464844
192.97122192382812
214.8660430908203
240.37823486328125
264.4075622558594
278.2900085449219
197.10633850097656
221.1195831298828
234.39547729492188
265.109130859375
243.19398498535156
193.77359008789062
220.4370574951172
239.43576049804688
259.14202880859375
280.0323791503906
187.95945739746094
214.37423706054688
229.00120544433594
251.3129425048828
268.2740478515625
193.70867919921875
212.00624084472656
231.25421142578125
253.65806579589844
261.27923583984375
198.3714599609375
218.7903594970703
235.20582580566406
254.97860717773438
269.3675537109375
188.14414978027344
210.61160278320312
232.2565155029297
255.64601135253906
269.7303771972656
192.73191833496094
217.39291381835938
244.90402221679688
258.00927734375
273.5469055175781
195.039794921875
213.988037109375
231.32131958007812
243.73731994628906
269.94952392578125
192.59222412109375
216.91024780273438
237.27392578125
259.6828918457031
272.38861083984375
196.23768615722656
220.6958770751953
218.10189819335938
262.2916564941406
253.6309356689453
198.8577117919922
225.52667236328125
241.99610900878906
260.013427734375
235.67649841308594
192.77915954589844
216.13015747070312
243.87985229492188
256.5484313964844
272.08544921875
196.33457946777344
220.30953979492188
190.0611572265625
248.3512725830078
254.69419860839844
198.94895935058594
214.0644073486328
234.65138244628906
260.1878662109375
270.5791931152344
193.92530822753906
214.8410186767578
233.1764678955078
260.3633117675781
276.0957336425781
271.705810546875
215.02565002441406
239.20103454589844
263.24627685546875
283.36273193359375
196.68255615234375
222.17164611816406
238.83779907226562
262.45245361328125
282.2091064453125
193.34461975097656
218.32672119140625
237.09608459472656
260.8293151855469
275.51678466796875
196.71282958984375
222.45034790039062
236.48361206054688
266.8487548828125
275.51739501953125
200.03294372558594
221.94052124023438
238.29441833496094
251.34561157226562
270.2698669433594
191.60720825195312
219.48751831054688
236.0382843017578
255.60589599609375
278.9521179199219
198.9152069091797
223.36526489257812
237.79940795898438
253.03497314453125
279.2208557128906
202.6236114501953
225.99668884277344
249.2256622314453
252.36611938476562
283.4020690917969
195.78981018066406
217.92755126953125
239.25830078125
260.170654296875
279.5857238769531
201.9333038330078
235.7733917236328
237.3762969970703
264.6159362792969
271.6819152832031
193.7373046875
218.43911743164062
241.70326232910156
261.4375
284.7774963378906
190.8156280517578
216.55734252929688
234.86541748046875
258.6937255859375
275.77392578125
190.0585174560547
218.83566284179688
240.4538116455078
264.6126708984375
284.8499755859375
196.0145263671875
217.89869689941406
247.8077392578125
264.228515625
271.69000244140625
192.3059539794922
217.86492919921875
238.16123962402344
255.9874267578125
279.944091796875
196.493408203125
220.31051635742188
241.34228515625
259.77996826171875
280.7223205566406
198.78590393066406
222.20419311523438
242.38714599609375
258.7652282714844
267.80804443359375
196.0986328125
219.00624084472656
240.88088989257812
260.68267822265625
279.08056640625
197.99081420898438
222.42555236816406
240.56784057617188
257.8919677734375
277.7967834472656
194.0077362060547
220.047119140625
241.8009033203125
254.6237030029297
274.946044921875
192.6533203125
220.57891845703125
240.14059448242188
261.3046875
278.3945617675781
192.42005920410156
185.2517547607422
235.80247497558594
257.21051025390625
264.10980224609375
199.05557250976562
219.4121551513672
242.99778747558594
263.54498291015625
267.4361572265625
188.79132080078125
212.10650634765625
235.892333984375
258.4603576660156
280.4375
192.1087188720703
209.4685821533203
235.9169158935547
266.1226806640625
286.0367736816406
202.068603515625
218.3004913330078
238.61607360839844
263.3697509765625
283.30859375
192.16641235351562
212.82920837402344
232.5088653564453
255.42401123046875
269.61895751953125
187.99981689453125
212.33094787597656
244.17098999023438
260.21368408203125
268.0269775390625
193.66360473632812
221.86793518066406
234.2957000732422
257.5185546875
271.8976745605469
194.86424255371094
217.3605499267578
236.845458984375
257.6293029785156
280.2494812011719
192.77003479003906
220.46937561035156
237.64752197265625
266.20062255859375
282.2689514160156
201.81475830078125
218.32147216796875
234.5526885986328
260.6712951660156
261.5613098144531
195.86199951171875
218.4065399169922
239.75840759277344
262.2340087890625
273.9028015136719
193.3783721923828
202.90313720703125
234.607666015625
253.5658721923828
257.29095458984375
198.6319580078125
217.52728271484375
243.81356811523438
265.63671875
274.4647216796875
193.34274291992188
217.55799865722656
241.28334045410156
256.7183837890625
274.9421691894531
192.37579345703125
216.13002014160156
239.62281799316406
257.6678466796875
276.0065612792969
195.56649780273438
216.11685180664062
240.2282257080078
258.81500244140625
270.3883056640625
188.35931396484375
212.02989196777344
232.0835723876953
241.14739990234375
273.4111633300781
199.7826385498047
213.1139678955078
227.3988494873047
266.0572814941406
272.1669921875
194.7285614013672
226.64395141601562
238.406494140625
260.7337646484375
276.8035888671875
193.97702026367188
211.93057250976562
243.33538818359375
259.0070495605469
274.6972351074219
196.23846435546875
223.2664794921875
237.33668518066406
257.7907409667969
282.33782958984375
198.6848602294922
225.51332092285156
239.5303955078125
245.12635803222656
275.9236755371094
192.67642211914062
218.2547607421875
236.89886474609375
258.3656921386719
276.7017822265625
207.63575744628906
214.29345703125
243.96524047851562
265.4871826171875
263.5224304199219
199.26699829101562
219.31532287597656
238.10989379882812
253.48704528808594
276.9843444824219
195.63299560546875
213.06845092773438
239.19232177734375
259.7673645019531
279.2320861816406
195.72451782226562
216.4214630126953
244.46340942382812
260.8270263671875
279.2304992675781
196.79893493652344
223.53298950195312
242.140380859375
265.16595458984375
278.2950439453125
196.51792907714844
215.58377075195312
237.50070190429688
260.9158020019531
272.0223388671875
195.40174865722656
222.05142211914062
243.697265625
262.7805480957031
279.0969543457031
196.59353637695312
219.135986328125
240.5235137939453
256.38885498046875
288.3502502441406
195.05401611328125
215.91587829589844
233.08639526367188
257.553955078125
273.8289489746094
199.97848510742188
226.00315856933594
315.0828552246094
268.70849609375
279.3711242675781
198.1442108154297
223.21153259277344
244.14683532714844
263.71368408203125
262.79998779296875
196.3848114013672
218.12127685546875
237.33303833007812
255.8839111328125
283.8537902832031
197.29080200195312
226.1768035888672
239.93251037597656
263.4109802246094
345.19140625
195.56399536132812
218.47320556640625
242.90936279296875
260.5901184082031
274.7362365722656
