687823.3125
855668.875
1120710.5
1215740.875
1232493.875
669821.875
740876.4375
752523.4375
696974.375
708856.75
711690.0
754887.625
970763.1875
797609.0
686426.5625
683596.5625
840296.8125
917588.6875
1191121.875
1035050.9375
641577.4375
743539.125
1074079.625
1110510.125
1182550.75
652795.375
1012636.375
885390.4375
808605.875
1093813.375
698236.625
779038.9375
793707.8125
681992.125
730109.125
684291.0
1093713.0
705115.4375
916490.6875
965689.125
670769.25
1145921.125
1084617.875
1117927.25
1178661.625
693200.0625
733852.625
730964.625
738710.25
972538.125
678343.6875
1141001.125
916473.4375
1113699.125
1224343.125
652492.5625
687040.625
687789.8125
681103.6875
775851.9375
700778.25
879248.0625
1052879.375
1201335.75
1360493.375
689058.4375
693576.125
950772.0625
729969.375
733799.1875
682092.3125
769847.9375
1115473.5
1168991.0
980836.9375
689689.125
787691.6875
1067641.375
1143949.625
1132605.875
666645.4375
713913.3125
875172.6875
917125.3125
830681.5
691299.875
806520.125
1088650.5
1084220.875
1088841.375
684493.9375
776889.5
857674.5
924219.9375
1083947.125
691962.5
802279.25
674274.0625
1127518.625
1060065.125
645342.125
746205.0
714429.125
966265.5625
1052560.375
658783.0
775098.6875
957378.4375
700207.75
778424.875
665805.0
653760.6875
1336055.375
1511065.5
2241715.5
695044.0
692122.0
735932.3125
894585.5
704091.0
695761.625
850795.5625
1012422.9375
1226293.75
1414060.0
665402.6875
935093.9375
1003197.6875
925122.625
731166.3125
685888.125
650972.125
1427891.125
1327296.125
1581550.875
698181.5625
769705.0625
886449.125
773431.5
1035050.1875
647084.4375
1125953.625
1376742.0
1254088.0
1242879.125
704827.0
762104.5625
1372796.125
904778.75
738342.3125
689616.4375
754474.6875
866470.625
946327.4375
821788.125
680785.0625
847514.4375
1043799.4375
1246279.625
943907.625
656109.875
701185.4375
1372600.0
1042862.1875
1376932.0
698502.9375
725182.25
728673.3125
857550.5625
891337.375
670081.4375
676690.125
1302567.5
1247182.875
1220424.875
683756.6875
739154.5625
703610.75
752603.25
768949.9375
686785.5625
825550.6875
1043276.25
1261698.75
1232581.5
698807.25
832480.0
746178.125
775670.0625
947933.125
683115.0
709350.9375
961999.1875
741968.6875
908648.75
693593.5
811540.1875
1031504.125
1137642.125
1182935.625
693305.0625
776027.4375
996618.875
1041017.8125
1114961.625
629431.875
998180.125
976304.0
846262.375
1245957.375
692878.75
794089.875
930900.6875
1159447.5
916602.0625
665611.125
718738.75
932810.0625
1056133.375
1150496.125
660377.75
776225.75
1359354.25
1639601.875
1164131.5
681338.6875
767758.0625
895175.5625
761355.3125
713463.375
645555.25
951451.8125
848383.375
1246615.125
1210545.25
686856.875
780329.25
749530.9375
877792.8125
758363.6875
695833.9375
774775.875
873622.5625
924541.1875
860740.1875
680424.625
715057.875
796699.0
703839.75
814675.75
646468.4375
731828.625
727096.0
712288.4375
670017.8125
690137.8125
800826.625
976894.3125
839132.0
1091971.875
653405.5
750660.0625
1432638.625
1337446.5
686924.5
682788.25
725087.0625
1359317.625
1158917.25
1230558.625
695028.25
800055.4375
848339.5625
823346.9375
911497.3125
676091.1875
790330.375
1076459.5
1141416.25
918431.0
677306.25
1073713.75
1113816.75
1090859.0
1079143.125
691997.625
773695.9375
689206.25
713536.6875
767501.625
703460.25
1142722.875
1157355.25
951314.4375
1146211.875
690941.4375
751878.6875
755781.0
740806.25
816001.4375
694221.3125
867692.6875
930775.875
962415.375
1110106.75
661252.9375
680585.1875
896572.625
801449.4375
675497.75
680223.5
811396.375
700776.0
1017370.1875
1141930.5
679386.5625
787783.375
939358.6875
1088729.5
777122.75
674743.625
1002873.3125
824226.3125
959439.3125
976861.25
687429.5625
697909.3125
836067.125
1254146.375
1114533.0
700652.0625
731434.5
744798.25
916209.5625
878296.875
706260.5625
646188.8125
847423.1875
1171680.25
1162434.375
620456.5
761996.0625
1007064.875
973910.1875
1452640.5
672468.6875
761478.25
707451.8125
897375.5625
696642.5
644269.5
701102.0625
976496.3125
757371.625
1372992.125
680120.25
756479.1875
722685.0625
796073.375
742002.1875
696639.25
775940.4375
925222.375
1019802.75
994738.9375
698503.0625
988341.1875
601797.125
790200.0
744251.4375
674925.0625
642441.5625
796503.625
1125751.875
1054374.625
683883.25
752414.625
860614.125
797674.25
929235.375
626583.0
687771.875
1157407.375
995726.25
1158704.375
699990.5625
688716.375
980878.1875
978033.9375
2349747.25
690619.25
715917.8125
750872.875
742384.25
1139359.25
716609.25
745340.9375
1372548.125
1417725.625
2267320.25
671906.3125
1151902.625
713083.75
801682.6875
922626.625
690187.75
718105.0625
711397.4375
901138.25
705473.125
660854.75
717892.5
770002.9375
2195156.0
1528655.75
671914.25
680782.1875
729336.5
625583.8125
696264.9375
691229.8125
829293.875
935131.125
1055315.75
1165465.875
702623.6875
761929.0625
716780.125
780055.9375
747239.3125
687426.125
785445.25
981919.625
684220.0625
806918.0625
696496.75
771676.25
926834.4375
1096255.375
1030714.4375
649070.1875
733659.625
712398.3125
775348.625
810022.0625
657187.5
1021290.375
950054.5625
877649.1875
1108842.75
682307.5625
766209.9375
902575.6875
896355.4375
764543.0
659617.4375
799797.6875
919413.6875
1192879.0
833923.875
638278.125
1008362.5
1336996.125
1670571.25
1167845.125
700582.375
758200.625
698181.25
794627.0625
785416.6875
683216.0
724633.9375
1270783.0
992009.125
1167351.625
690727.9375
751213.0
759871.6875
715688.125
890025.8125
685941.875
769238.3125
1021400.6875
1005201.9375
945933.75
681574.125
709876.3125
709824.1875
746734.0
1086380.25
664102.1875
796396.125
703920.9375
958025.5
1243823.0
684313.3125
734965.25
903882.6875
1001063.375
789970.375
688338.8125
738885.25
791154.875
884350.125
1190251.125
665892.375
759435.75
704676.5
893558.0625
1091475.625
693756.625
781905.25
719197.75
664693.75
735787.5
661248.25
746425.6875
838357.375
814822.1875
1265876.125
663225.625
1150979.75
1386311.875
1064847.25
1117048.875
686123.25
776423.3125
699667.3125
758130.3125
795917.3125
678399.5625
967260.1875
1352665.875
1112418.375
1402913.625
676824.5625
768893.0
763702.25
1079869.125
761943.5
673544.8125
824940.5625
877867.125
874769.25
862318.25
682685.625
881340.0
708877.75
792739.1875
1104056.0
667434.6875
731952.0
718946.1875
698766.0
1153615.375
691461.75
751430.3125
755638.875
833881.625
743115.0625
630507.1875
919201.5
759294.0
958655.125
880090.25
669026.4375
917179.5
680943.8125
1076484.5
1420592.5
677539.875
763462.9375
765546.75
682925.25
961787.6875
676326.25
746360.6875
684561.375
1087135.5
1333843.0
665787.375
1141986.375
710806.5625
1402785.375
2285911.25
699643.6875
1010953.375
689268.6875
674578.0
647796.25
681535.4375
920904.25
1323438.5
1413519.875
2274527.0
673007.9375
749097.875
718192.5
790341.3125
734605.875
686605.75
814173.9375
831070.6875
847354.6875
858444.9375
693700.9375
710920.25
1238151.75
850611.0625
678593.9375
699737.6875
894305.0
1027756.6875
884993.4375
1031953.625
692141.125
734515.625
692309.375
873191.5625
965067.8125
704417.3125
717495.375
680538.8125
1067006.75
874775.3125
651238.875
920703.9375
978921.1875
853355.9375
1449075.75
667435.875
748742.5625
720897.875
716059.1875
998122.9375
674760.75
761855.1875
1325114.625
1080860.0
1078232.125
693579.0625
752392.5
752719.875
1399133.625
2344004.25
664190.0
639453.1875
1120593.625
678020.5625
1443109.625
684853.75
681600.8125
712869.75
843221.5
2274577.25
699236.4375
776911.1875
716185.75
703179.1875
992265.0
692625.5625
781277.875
871740.0625
875396.125
888759.375
695455.4375
744833.8125
713654.75
706904.125
724660.875
682432.125
770043.625
768898.875
1106613.75
785781.125
686462.8125
749995.1875
953620.0
869303.6875
961325.25
688757.75
753582.875
930204.0625
754478.625
723057.8125
691245.8125
767369.8125
742070.4375
1110141.75
859821.25
692252.625
830064.4375
789807.375
732850.75
733472.6875
670342.75
824761.0625
1060339.625
1152077.125
1171493.625
642694.9375
951113.1875
867955.9375
1308576.0
1094784.5
676572.3125
736022.0625
754008.25
625386.625
880635.5625
642649.375
1195814.875
977676.5
1286917.0
1093351.5
683756.875
758538.1875
747165.3125
733169.375
946310.875
690369.0625
785364.75
743474.5
1013584.875
1114817.375
685926.4375
760101.5625
758828.1875
776903.0625
676585.6875
664889.8125
915628.875
1070167.125
1066864.375
859217.0625
692502.125
750477.875
885804.6875
908255.3125
923949.25
645878.3125
979650.0
903162.125
1206395.25
1133929.75
681177.1875
741070.875
822129.8125
1331234.625
1124246.0
686677.6875
740569.5
671538.8125
731164.6875
997290.75
668386.4375
969510.125
1100757.375
1106004.625
871569.875
680634.375
810781.0625
1089967.875
1088552.625
1293746.625
700312.8125
737669.6875
739949.1875
753293.0625
853806.375
677145.6875
731684.125
1252906.125
1133120.25
1120532.5
694993.0
774004.0625
733978.6875
721312.25
645630.0
699542.3125
723657.5
769687.125
950663.0
929985.25
682449.1875
736751.3125
1075653.25
1060854.625
1141188.75
661542.5
1079861.0
842980.0
737813.1875
1032996.375
682772.3125
735770.0
784485.25
1002836.6875
918018.4375
649211.9375
717478.125
1057121.125
1197009.5
1109257.125
692259.75
901285.0
781706.3125
932221.9375
1427943.875
715056.8125
748813.25
793659.625
739550.125
771207.6875
673136.0
1063660.375
961677.5625
1107891.125
987150.625
669421.375
665799.5
1007906.5
1318945.125
1327447.25
689993.6875
801864.75
734979.125
814370.375
667707.375
695025.0
709347.5625
1269700.875
1003197.75
854145.1875
681000.875
753329.4375
667686.0
740929.625
759170.625
691050.25
793729.3125
935236.75
997409.5625
988502.125
679136.6875
679745.25
1145649.25
743903.75
707183.4375
668398.5
701867.0625
741427.9375
1094861.25
712564.5
689653.6875
729140.125
697391.5
899333.875
984452.1875
683289.0625
766066.25
619522.5
1080880.125
1105910.0
659661.5
655494.9375
728547.375
1023978.125
2261212.0
695798.25
725897.3125
1000267.75
763525.4375
685461.5
675108.5
676592.125
793064.125
1000204.3125
970673.6875
655520.125
1128067.625
1310167.25
1059892.125
2283066.25
678436.625
700366.9375
739441.75
965729.0625
764203.4375
682478.0
725088.875
688856.6875
2172710.5
1297210.875
679760.25
751751.0625
963236.5
783711.5625
1412779.75
698952.5
770942.8125
866203.1875
928070.0625
1101754.625
697034.25
786741.75
734892.25
700139.9375
929517.75
676537.0
793598.875
655686.25
715519.8125
811217.375
692429.4375
762000.0
787494.3125
906982.3125
715955.0625
676415.0
738619.25
695922.125
926156.9375
737527.3125
645864.625
803672.5625
685248.9375
1246808.25
1025520.0625
662563.0625
727402.875
791707.9375
713965.5
775312.5625
666571.125
788154.0
840000.375
1127042.625
1020207.6875
627961.9375
833226.0625
1084085.375
1168148.625
1314068.0
676701.1875
767620.5625
764100.0625
687577.875
937367.0
668119.3125
725734.6875
956086.0
998734.75
1152315.125
679171.875
767805.4375
762125.3125
723497.875
746305.0
1027706.25
1180463.625
1237996.625
1435634.375
1479827.625
1027310.375
1178440.0
1246735.625
1449710.75
1448026.625
1051892.75
1173385.5
1338235.75
1366329.875
1395640.375
932962.1875
1100859.75
1315788.25
1332628.875
1457363.125
958870.1875
1155486.375
1268932.75
1409633.375
1434590.125
954746.9375
1179887.125
1306199.25
1398309.125
1537031.375
1065778.75
1118489.75
1249424.125
1355292.125
1526306.5
1049367.75
1184317.5
1299266.625
1389771.0
1519387.0
1076507.375
1240431.875
1327989.125
1450339.0
1551554.375
1030965.8125
1124222.5
1294091.0
1448066.5
1455068.75
1214771.625
1205795.125
1314991.75
1287546.75
1560062.25
944842.3125
1135023.5
1266446.75
1340489.5
1498247.5
1015200.9375
1131120.0
1253851.625
1371559.5
1497908.25
1109171.875
1143305.0
1238189.625
1382401.625
1512404.375
1014072.125
1158927.0
1290668.25
1439552.875
1369225.625
1049941.0
1125816.75
1255264.5
1388060.5
1522415.5
1054848.75
1134238.0
1281488.875
1477752.0
1474901.875
1064183.875
1246448.125
1274844.125
1457399.5
1558212.625
1044208.6875
1171055.375
1276405.75
1459548.125
1530122.375
1084498.125
1208735.375
1307615.75
1441272.75
1580994.25
1112934.0
1225897.5
1310752.375
1556186.0
1621087.0
998913.625
1207014.375
1289144.5
1405169.0
1496996.125
1111872.25
1192501.75
1292567.125
1473193.5
1415560.125
969030.4375
1191984.125
1294447.125
1397771.125
1517027.375
1093316.125
1217801.0
1288465.5
1403489.375
1478990.75
1066457.625
1163477.625
1219088.75
1365557.0
1521274.25
1037199.6875
1142102.125
1232208.5
1422066.375
1535891.0
1053397.5
1176307.0
1356439.75
1368853.75
1558627.875
1161688.875
1198954.875
1294808.5
1419667.875
1502924.0
1104136.375
1295986.25
1304300.375
1457178.75
1506788.75
1045675.8125
1176843.375
1292780.25
1406767.875
1491621.125
1005954.1875
1236095.375
1381302.75
1469693.5
1618215.125
1128522.875
1283250.25
1367834.0
1534381.75
1575627.0
1102615.875
1091578.875
1249136.75
1405495.875
1489809.125
1175033.875
1195226.0
1334262.375
1605409.5
1687984.0
1022761.0
1157244.125
1280650.75
1354057.875
1515735.0
923215.5625
1085184.625
1206763.625
1370914.25
1476072.25
1011526.8125
1088981.5
1212749.0
1528242.0
1500131.0
958565.9375
1085702.25
1273236.375
1387954.625
1517725.5
955107.5625
1086651.625
1215258.0
1310303.875
1453795.375
974475.125
1104944.125
1293696.0
1394207.25
1559468.5
1010038.5
1116698.0
1275704.625
1334043.625
1566277.375
906212.4375
1101719.5
1275148.875
1364073.375
1475567.375
1224622.875
1265693.375
1330974.875
1441384.375
1555655.75
1076528.375
1220021.0
1283210.375
1333682.125
1478275.375
912304.625
1082172.5
1214200.375
1364680.125
1449928.75
1173384.375
1247880.875
1330910.625
1471528.75
1461213.75
999470.25
1094894.375
1385736.375
1332790.25
1488663.0
1028869.8125
1061281.375
1292030.125
1365664.25
1452882.5
1005595.0625
1155147.875
1240391.5
1342155.625
1454173.875
1060726.25
1103796.625
1233621.25
1307076.75
1589566.625
1007638.9375
1178026.375
1247058.375
1364268.875
1462383.75
1065349.25
1113203.125
1324655.875
1324048.375
1549650.875
1029639.5
1142011.0
1410867.875
1472842.125
1494843.875
1009109.3125
1116250.0
1286135.625
1348358.375
1501852.5
1084678.875
1231632.5
1256928.25
1683650.125
1655468.75
1024518.3125
1216468.875
1351567.125
1500450.875
1545150.5
955303.6875
1184602.125
1252147.375
1309065.375
1475585.375
1168996.75
1231146.625
1420774.625
1521205.0
1441737.625
1089876.625
1125872.125
1263951.5
1374822.125
1466630.25
1104371.25
1114351.125
1252003.125
1334903.5
1484327.75
993000.1875
1180211.375
1285738.75
1374278.5
1476500.75
1037686.0625
1168492.25
1264491.5
1361259.125
1540209.125
1017564.9375
1203486.125
1310467.375
1391699.5
1517350.875
1077370.375
1281710.75
1351494.625
1523115.375
1452986.0
1107111.5
1256445.125
1397360.5
1426782.625
1491424.5
1035392.5625
1138180.125
1279738.625
1373960.75
1529208.75
1067946.5
1205240.125
1408462.375
1314891.75
1656758.75
1079823.5
1205134.25
1234032.0
1586385.375
1451644.875
1050191.375
1194132.125
1234930.875
1394402.875
1469333.125
1117357.0
1150659.625
1419770.375
1628091.0
1533623.75
1064024.125
1193042.375
1287083.375
1338433.125
1532359.875
1011510.3125
1087154.0
1341141.125
1389424.25
1421922.125
1012189.625
1141081.625
1287208.875
1443423.875
1566166.875
1095395.0
1258507.875
1246646.625
1459761.125
1548984.875
1007909.3125
1102041.625
1274345.0
1365308.0
1461843.75
1042181.1875
1152941.5
1343865.625
1452789.375
1496095.0
1065816.0
1256162.375
1370876.75
1530156.375
1643112.875
1059796.125
1124956.5
1259258.75
1399619.125
1462038.625
1062874.875
1271605.375
1345225.25
1306116.0
1667109.75
1155269.75
1256841.875
1415221.25
1465557.375
1691885.0
1025001.0625
1203417.75
1259456.0
1458904.5
1473472.0
1153045.875
1332539.0
1220678.75
1632067.875
1663767.0
1062893.375
1090628.5
1274666.125
1383544.5
1506700.625
978005.5625
1106360.5
1252522.875
1334115.875
1455446.25
986012.25
1081975.0
1259098.875
1310054.75
1509016.875
1003266.125
1077925.875
1235968.625
1406872.875
1534350.75
947367.0625
1081295.75
1165878.25
1400873.625
1465962.5
1029821.125
1167830.625
1300467.625
1413735.75
1622661.875
1107111.5
1177218.875
1291600.25
1271727.875
1312469.0
1000686.8125
1078177.875
1160702.375
1297888.125
1492030.25
1080203.5
1261122.375
1279866.125
1374616.5
1572746.0
1038560.0625
1096736.0
1509788.375
1440558.0
1615319.5
966789.375
1085111.875
1264795.375
1351083.5
1432136.0
1141602.375
1273470.25
1226489.75
1472865.25
1554387.75
952204.25
1095536.625
1263041.75
1388921.375
1496707.375
971465.5
1115676.5
1283412.75
1408595.75
1467893.75
973310.75
1149415.375
1248420.5
1379031.5
1443531.625
1033186.8125
1085110.5
1235215.375
1397843.375
1522021.625
1021111.3125
1119438.375
1295076.25
1390051.875
1503176.0
1034352.3125
1143212.25
1275297.125
1438081.625
1599745.125
1152744.75
1230899.75
1235341.5
1465532.875
1659179.875
1022850.3125
1118614.25
1281335.125
1402163.0
1450393.625
991045.0625
1205711.0
1423196.0
1505468.125
1473949.25
1057178.875
1138250.125
1289881.375
1428572.125
1635680.5
1018854.4375
1158766.25
1222029.625
1393972.0
1459908.625
1100607.875
1146472.375
1228642.25
1446770.125
1447261.875
1042773.8125
1153837.375
1242255.625
1396536.25
1485098.25
983703.125
1122484.125
1234784.75
1368106.75
1437495.125
1033206.625
1205564.25
1261731.75
1338358.25
1465048.75
1046032.5
1193058.875
1300023.875
1378763.25
1476803.25
1003033.8125
1202159.625
1236954.75
1344219.625
1453636.125
1027310.1875
1086256.625
1272378.75
1279662.375
1514374.375
973129.4375
1182612.0
1356027.875
1462236.5
1486618.625
1064487.75
1092940.625
1294270.375
1406856.5
1373081.375
1103602.875
1286348.75
1367245.625
1430906.0
1597040.75
1120424.875
1125546.0
1314778.75
1429287.75
1640886.25
1030016.625
1188920.875
1258883.5
1380212.875
1505377.875
1163855.375
1269343.375
1441142.625
1589197.875
1738589.5
1048075.75
1156901.75
1307599.0
1396696.0
1474561.25
1094033.0
1207768.125
1243978.875
1374357.125
1460766.875
999610.75
1158655.25
1319496.875
1327003.25
1366453.0
1000595.3125
1110032.625
1308261.5
1353085.0
1480847.625
1089572.0
1117988.375
1224321.625
1322631.5
1439120.875
1010792.375
1210115.375
1373064.625
1443637.375
1696245.125
1094265.5
1238062.875
1288050.625
1394997.375
1450775.125
978076.4375
1146635.75
1328167.625
1377704.0
1484862.875
1031862.375
1238891.875
1280975.0
1537537.625
1460734.625
1140739.25
1310193.25
1305627.0
1548580.25
1570776.875
1032435.5625
1168207.625
1202053.375
1337715.75
1408697.875
1156475.125
1369063.875
1122555.625
1557766.625
1694102.625
1025197.625
1136138.0
1259423.0
1352370.75
1457614.25
988770.9375
1063538.625
1209433.75
1318582.5
1462685.125
1336963.375
1152620.375
1267914.25
1331071.0
1486388.625
981318.0
1140206.0
1369122.625
1404721.875
1548522.875
961861.3125
1059634.75
1201962.0
1326806.125
1449836.0
1024175.3125
1170804.25
1377436.875
1381760.0
1434248.75
968814.8125
1126318.0
1216746.125
1314185.375
1468618.25
897899.9375
1124168.5
1216993.875
1310536.875
1471447.25
1068861.125
1142834.875
1212388.375
1594857.375
1475445.625
988501.875
1222638.0
1448852.875
1392076.125
1619670.75
914451.5
1107847.5
1212766.0
1302313.25
1425613.375
1100196.125
1217869.25
1476767.375
1492696.625
1651635.375
982590.3125
1080398.875
1217010.625
1358247.75
1514551.375
980620.625
1067122.25
1281081.0
1369786.0
1447097.5
928233.625
1175372.375
1234622.625
1308998.0
1485134.25
956020.0
1237887.875
1199151.25
1366097.25
1435214.125
941204.375
1140976.5
1255157.125
1323403.125
1488551.875
1074058.5
1101038.875
1238155.75
1379465.125
1530585.0
1063446.625
1164177.5
1298799.625
1373116.625
1570917.375
1006078.125
1126784.0
1240950.75
1351298.5
1470908.125
1102184.25
1160161.125
1331875.0
1391982.375
1512478.875
1047861.3125
1089873.25
1324059.875
1349561.75
1584235.875
1032490.5
1146634.25
1275023.0
1326408.625
1425432.875
1097312.375
971033.375
1341693.75
1540885.875
1645579.125
932639.1875
1145398.25
1236021.25
1389726.875
1380427.0
1044011.5625
1129223.5
1213480.25
1341714.25
1493051.5
1069416.5
1177058.25
1269255.625
1348734.0
1528421.125
1023905.6875
1155716.375
1220933.125
1410367.0
1595856.5
1001994.4375
1084948.5
1198253.5
1323687.875
1453386.5
1037614.375
1111500.5
1304248.75
1401519.375
1523566.25
1063180.125
1208123.375
1299590.625
1539456.625
1564664.625
1020862.9375
1116390.5
1343827.375
1392395.25
1510020.125
1074178.5
1182178.5
1362949.75
1518370.375
1615338.0
1097776.125
1235519.875
1275817.125
1474567.25
1550008.875
1037039.8125
1130995.875
1210598.375
1312903.625
1432062.5
1094458.5
1181035.375
1328055.625
1558586.0
1531401.375
1002801.3125
1182435.375
1284233.375
1385266.75
1466500.5
975066.1875
1147012.875
1229660.75
1320855.0
1452058.875
1009520.1875
1173564.5
1289288.25
1325228.375
1505240.0
1059434.25
1200282.875
1233440.0
1428429.25
1367452.875
961235.375
1146978.125
1218712.625
1342912.0
1418306.25
1074072.125
1144629.125
1222547.25
1391661.875
1556139.0
1142406.25
1224841.75
1377455.625
1534300.0
1571400.0
1076905.375
1197912.375
1269042.375
1315769.625
1521338.625
1142639.375
1321197.75
1396968.75
1542678.625
1589751.25
1172023.5
1284989.25
1433392.375
1673154.0
1610283.375
1015629.3125
1141977.75
1273664.0
1382564.25
1389386.5
1168492.75
1308171.375
1524293.875
1533426.25
1511495.375
1034497.0625
1174443.625
1295954.25
1363729.25
1491208.875
945611.1875
1080973.875
1192771.5
1348411.125
1453190.0
1012978.8125
1104622.75
1219055.5
1334507.25
1479845.25
1034835.6875
1124507.25
1208895.5
1380480.625
1534961.375
955843.8125
1117970.375
1239909.625
1341480.875
1449499.5
1003947.4375
1095804.125
1302922.375
1325640.0
1391269.375
1073052.125
1101145.25
1297258.625
1289843.875
1637908.625
991692.3125
1129562.875
1266785.75
1309587.75
1454929.625
1020966.9375
1227637.25
1697498.25
1515999.75
1585217.0
995811.875
1193093.5
1291923.75
1443805.25
1488574.875
971430.125
1132105.75
1252772.375
1343092.125
1450289.125
996636.0625
1259277.25
1408163.5
1425149.625
2025356.75
953710.125
1107721.75
1202895.5
1351437.25
1459551.25
